"rid", "binaryID"
26328,1
26329,10
26377,11
26059,100
26334,101
26376,110
26058,1000
26333,1010
26056,10000
26332,10100
26060,100000
26331,101000
26057,1000000
26330,1010000
25298,10100000
25302,10100001
25297,101000000
25301,101000010
26023,1010000000
64280,1010000001
25303,1010000100
25437,1010000101
25299,10100000010
25663,10100000011
25304,10100001000
26055,10100001001
25438,10100001010
26042,10100001011
25300,101000000100
25664,101000000101
25305,101000010000
26043,101000010001
25439,101000010100
26024,101000010101
25316,1010000001000
25320,1010000001001
25306,1010000100000
26054,1010000100001
25440,1010000101000
26041,1010000101001
25317,10100000010000
25665,10100000010001
25322,10100000010010
26022,10100000010011
25307,10100001000000
26044,10100001000001
25441,10100001010000
26025,10100001010001
25318,101000000100000
25672,101000000100001
25321,101000000100100
25308,101000010000000
26052,101000010000001
26045,101000010000010
26046,101000010000011
25442,101000010100000
26026,101000010100001
25319,1010000001000000
25671,1010000001000001
26523,1010000001001000
25309,1010000100000000
26047,1010000100000001
26053,1010000100000010
25443,1010000101000000
26031,1010000101000001
26469,10100000010000000
26524,10100000010010000
26525,10100000010010001
25312,10100001000000000
26048,10100001000000010
26049,10100001000000011
25444,10100001010000000
26030,10100001010000001
26032,10100001010000010
26035,10100001010000011
26467,101000000100000000
26468,101000000100000001
26374,101000000100100000
26526,101000000100100010
26527,101000000100100011
25311,101000010000000000
25445,101000010100000000
26027,101000010100000001
26033,101000010100000100
26034,101000010100000101
26036,101000010100000110
26040,101000010100000111
25670,1010000001000000000
26465,1010000001000000010
26466,1010000001000000011
26021,1010000001001000100
26528,1010000001001000110
26529,1010000001001000111
25310,1010000100000000000
25446,1010000101000000000
26028,1010000101000000001
26037,1010000101000001100
26039,1010000101000001101
25669,10100000010000000100
26463,10100000010000000110
26464,10100000010000000111
26016,10100000010010001100
25323,10100000010010001110
25313,10100001000000000000
26050,10100001000000000001
25447,10100001010000000000
26029,10100001010000000001
26038,10100001010000011000
25667,101000000100000001100
25666,101000000100000001110
26017,101000000100100011000
26020,101000000100100011001
25324,101000000100100011100
26013,101000000100100011101
25314,101000010000000000000
25668,1010000001000000011000
26018,1010000001001000110000
26019,1010000001001000110001
25325,1010000001001000111000
25673,1010000001001000111001
26014,1010000001001000111010
26015,1010000001001000111011
26382,1010000100000000000000
25326,10100000010010001110000
25399,10100000010010001110001
26383,10100001000000000000000
26384,10100001000000000000001
25327,101000000100100011100000
25674,101000000100100011100001
25400,101000000100100011100010
26012,101000000100100011100011
25315,101000010000000000000000
26051,101000010000000000000010
25328,1010000001001000111000000
25964,1010000001001000111000001
25675,1010000001001000111000010
25676,1010000001001000111000011
25401,1010000001001000111000100
25329,10100000010010001110000000
25677,10100000010010001110000001
25402,10100000010010001110001000
26007,10100000010010001110001001
26387,101000000100100011100000000
25678,101000000100100011100000010
25679,101000000100100011100000011
25403,101000000100100011100010000
25448,101000000100100011100010001
26008,101000000100100011100010010
26011,101000000100100011100010011
26385,1010000001001000111000000000
26388,1010000001001000111000000001
25404,1010000001001000111000100000
25965,1010000001001000111000100001
25449,1010000001001000111000100010
25996,1010000001001000111000100011
26009,1010000001001000111000100100
26386,10100000010010001110000000000
25963,10100000010010001110000000010
25405,10100000010010001110001000000
25995,10100000010010001110001000001
25450,10100000010010001110001000100
25997,10100000010010001110001000101
26010,10100000010010001110001001000
26351,101000000100100011100000000000
25406,101000000100100011100010000000
25982,101000000100100011100010000001
25451,101000000100100011100010001000
26006,101000000100100011100010001001
26538,1010000001001000111000000000000
25407,1010000001001000111000100000000
25966,1010000001001000111000100000001
25983,1010000001001000111000100000010
25988,1010000001001000111000100000011
25452,1010000001001000111000100010000
26005,1010000001001000111000100010001
26536,10100000010010001110000000000000
26537,10100000010010001110000000000001
25408,10100000010010001110001000000000
25967,10100000010010001110001000000001
25984,10100000010010001110001000000100
25986,10100000010010001110001000000101
25989,10100000010010001110001000000110
25992,10100000010010001110001000000111
25998,10100000010010001110001000100000
26584,10100000010010001110001000100001
25330,101000000100100011100000000000000
26539,101000000100100011100000000000010
26540,101000000100100011100000000000011
25409,101000000100100011100010000000000
25968,101000000100100011100010000000001
25985,101000000100100011100010000001000
25987,101000000100100011100010000001001
25990,101000000100100011100010000001100
25991,101000000100100011100010000001110
25999,101000000100100011100010001000000
26001,101000000100100011100010001000001
26275,101000000100100011100010001000010
25331,1010000001001000111000000000000000
25911,1010000001001000111000000000000001
25680,1010000001001000111000000000000100
26535,1010000001001000111000000000000110
25410,1010000001001000111000100000000000
25981,1010000001001000111000100000000001
25969,1010000001001000111000100000000010
25971,1010000001001000111000100000000011
25993,1010000001001000111000100000011100
26000,1010000001001000111000100010000000
26002,1010000001001000111000100010000001
26276,1010000001001000111000100010000100
26283,1010000001001000111000100010000101
25332,10100000010010001110000000000000000
25893,10100000010010001110000000000000001
25912,10100000010010001110000000000000010
25681,10100000010010001110000000000001000
25684,10100000010010001110000000000001001
26533,10100000010010001110000000000001100
26534,10100000010010001110000000000001101
25411,10100000010010001110001000000000000
25973,10100000010010001110001000000000001
25970,10100000010010001110001000000000100
25972,10100000010010001110001000000000101
25994,10100000010010001110001000000111000
26003,10100000010010001110001000100000010
26004,10100000010010001110001000100000011
26277,10100000010010001110001000100001000
26294,10100000010010001110001000100001001
25333,101000000100100011100000000000000000
25962,101000000100100011100000000000000001
25894,101000000100100011100000000000000010
25896,101000000100100011100000000000000011
25910,101000000100100011100000000000000100
25682,101000000100100011100000000000010000
25683,101000000100100011100000000000010001
25892,101000000100100011100000000000011000
26531,101000000100100011100000000000011010
25412,101000000100100011100010000000000000
25980,101000000100100011100010000000000001
26278,101000000100100011100010001000010000
26284,101000000100100011100010001000010001
26293,101000000100100011100010001000010010
25334,1010000001001000111000000000000000000
25957,1010000001001000111000000000000000001
25895,1010000001001000111000000000000000100
25897,1010000001001000111000000000000000101
25909,1010000001001000111000000000000001000
26530,1010000001001000111000000000000110100
26532,1010000001001000111000000000000110101
25413,1010000001001000111000100000000000000
25974,1010000001001000111000100000000000001
26279,1010000001001000111000100010000100000
26292,1010000001001000111000100010000100001
26285,1010000001001000111000100010000100010
26286,1010000001001000111000100010000100011
26295,1010000001001000111000100010000100100
25335,10100000010010001110000000000000000000
26580,10100000010010001110000000000000000001
25958,10100000010010001110000000000000000010
25908,10100000010010001110000000000000010000
25342,10100000010010001110000000000001101000
25685,10100000010010001110000000000001101010
25414,10100000010010001110001000000000000000
25975,10100000010010001110001000000000000001
26280,10100000010010001110001000100001000000
26287,10100000010010001110001000100001000001
25336,101000000100100011100000000000000000000
25898,101000000100100011100000000000000000001
26582,101000000100100011100000000000000000010
25959,101000000100100011100000000000000000100
26504,101000000100100011100000000000000100000
25344,101000000100100011100000000000011010000
25416,101000000100100011100010000000000000000
25976,101000000100100011100010000000000000010
25977,101000000100100011100010000000000000011
26281,101000000100100011100010001000010000000
26291,101000000100100011100010001000010000001
25337,1010000001001000111000000000000000000000
25907,1010000001001000111000000000000000000001
26581,1010000001001000111000000000000000000100
25960,1010000001001000111000000000000000001000
25961,1010000001001000111000000000000000001001
26503,1010000001001000111000000000000001000000
25343,1010000001001000111000000000000110100000
25415,1010000001001000111000100000000000000000
26282,1010000001001000111000100010000100000000
26288,1010000001001000111000100010000100000001
25338,10100000010010001110000000000000000000000
25902,10100000010010001110000000000000000000001
26583,10100000010010001110000000000000000001000
26501,10100000010010001110000000000000010000000
26502,10100000010010001110000000000000010000001
26441,10100000010010001110000000000001101000000
25417,10100000010010001110001000000000000000000
25979,10100000010010001110001000000000000000001
26289,10100000010010001110001000100001000000010
26290,10100000010010001110001000100001000000011
25339,101000000100100011100000000000000000000000
25901,101000000100100011100000000000000000000001
25903,101000000100100011100000000000000000000010
25906,101000000100100011100000000000000000000011
26499,101000000100100011100000000000000100000000
26500,101000000100100011100000000000000100000001
25913,101000000100100011100000000000000100000010
26413,101000000100100011100000000000011010000000
26414,101000000100100011100000000000011010000001
25978,101000000100100011100010000000000000000010
25340,1010000001001000111000000000000000000000000
25899,1010000001001000111000000000000000000000001
25904,1010000001001000111000000000000000000000100
25905,1010000001001000111000000000000000000000101
26497,1010000001001000111000000000000001000000000
26498,1010000001001000111000000000000001000000001
25915,1010000001001000111000000000000001000000010
25914,1010000001001000111000000000000001000000100
26408,1010000001001000111000000000000110100000000
26409,1010000001001000111000000000000110100000001
25686,1010000001001000111000000000000110100000010
25341,10100000010010001110000000000000000000000000
25900,10100000010010001110000000000000000000000001
26494,10100000010010001110000000000000010000000000
26495,10100000010010001110000000000000010000000001
25916,10100000010010001110000000000000010000000010
25888,10100000010010001110000000000001101000000000
26406,10100000010010001110000000000001101000000010
26407,10100000010010001110000000000001101000000011
25687,10100000010010001110000000000001101000000100
26493,101000000100100011100000000000000100000000000
26496,101000000100100011100000000000000100000000001
26579,101000000100100011100000000000000100000000010
25889,101000000100100011100000000000011010000000000
26400,101000000100100011100000000000011010000000100
26401,101000000100100011100000000000011010000000101
26412,101000000100100011100000000000011010000000110
26427,101000000100100011100000000000011010000000111
26491,1010000001001000111000000000000001000000000000
26492,1010000001001000111000000000000001000000000001
25917,1010000001001000111000000000000001000000000010
25890,1010000001001000111000000000000110100000000000
25884,1010000001001000111000000000000110100000001000
26391,1010000001001000111000000000000110100000001010
26392,1010000001001000111000000000000110100000001011
25688,1010000001001000111000000000000110100000001100
26429,1010000001001000111000000000000110100000001110
26431,1010000001001000111000000000000110100000001111
26489,10100000010010001110000000000000010000000000000
26490,10100000010010001110000000000000010000000000001
25918,10100000010010001110000000000000010000000000010
25891,10100000010010001110000000000001101000000000000
25885,10100000010010001110000000000001101000000010000
25887,10100000010010001110000000000001101000000010001
25870,10100000010010001110000000000001101000000010100
25869,10100000010010001110000000000001101000000010110
26432,10100000010010001110000000000001101000000011100
26433,10100000010010001110000000000001101000000011101
26425,10100000010010001110000000000001101000000011110
26430,10100000010010001110000000000001101000000011111
26487,101000000100100011100000000000000100000000000000
26488,101000000100100011100000000000000100000000000001
25920,101000000100100011100000000000000100000000000010
25919,101000000100100011100000000000000100000000000100
25886,101000000100100011100000000000011010000000100000
26482,101000000100100011100000000000011010000000101000
25707,101000000100100011100000000000011010000000111000
26434,101000000100100011100000000000011010000000111010
26437,101000000100100011100000000000011010000000111011
26424,101000000100100011100000000000011010000000111100
26428,101000000100100011100000000000011010000000111101
26364,101000000100100011100000000000011010000000111110
25953,1010000001001000111000000000000001000000000000000
26485,1010000001001000111000000000000001000000000000010
26486,1010000001001000111000000000000001000000000000011
25923,1010000001001000111000000000000001000000000000100
25932,1010000001001000111000000000000001000000000000101
26480,1010000001001000111000000000000110100000001010000
26481,1010000001001000111000000000000110100000001010001
25708,1010000001001000111000000000000110100000001110000
26435,1010000001001000111000000000000110100000001110100
26436,1010000001001000111000000000000110100000001110101
25689,1010000001001000111000000000000110100000001110110
26421,1010000001001000111000000000000110100000001111000
26423,1010000001001000111000000000000110100000001111001
25712,1010000001001000111000000000000110100000001111010
26342,1010000001001000111000000000000110100000001111100
25955,10100000010010001110000000000000010000000000000000
25956,10100000010010001110000000000000010000000000000001
25951,10100000010010001110000000000000010000000000000100
26483,10100000010010001110000000000000010000000000000110
26484,10100000010010001110000000000000010000000000000111
25930,10100000010010001110000000000000010000000000001000
25933,10100000010010001110000000000000010000000000001010
26478,10100000010010001110000000000001101000000010100000
26479,10100000010010001110000000000001101000000010100001
25883,10100000010010001110000000000001101000000010100010
26438,10100000010010001110000000000001101000000011101000
26350,10100000010010001110000000000001101000000011101010
26410,10100000010010001110000000000001101000000011110000
26411,10100000010010001110000000000001101000000011110001
26419,10100000010010001110000000000001101000000011110010
26420,10100000010010001110000000000001101000000011110011
25709,10100000010010001110000000000001101000000011111000
26365,10100000010010001110000000000001101000000011111001
25954,101000000100100011100000000000000100000000000000000
25952,101000000100100011100000000000000100000000000001000
25950,101000000100100011100000000000000100000000000001100
25949,101000000100100011100000000000000100000000000001110
25929,101000000100100011100000000000000100000000000010000
25934,101000000100100011100000000000000100000000000010100
26476,101000000100100011100000000000011010000000101000000
26477,101000000100100011100000000000011010000000101000001
25879,101000000100100011100000000000011010000000101000010
25696,101000000100100011100000000000011010000000111010000
26362,101000000100100011100000000000011010000000111010100
26395,101000000100100011100000000000011010000000111100000
26396,101000000100100011100000000000011010000000111100010
26397,101000000100100011100000000000011010000000111100011
26398,101000000100100011100000000000011010000000111100100
26399,101000000100100011100000000000011010000000111100101
26416,101000000100100011100000000000011010000000111100110
26417,101000000100100011100000000000011010000000111100111
25710,101000000100100011100000000000011010000000111110000
26366,101000000100100011100000000000011010000000111110010
25921,1010000001001000111000000000000001000000000000100000
25876,1010000001001000111000000000000110100000001010000000
25871,1010000001001000111000000000000110100000001010000010
25881,1010000001001000111000000000000110100000001010000100
25882,1010000001001000111000000000000110100000001010000101
25698,1010000001001000111000000000000110100000001110100000
26363,1010000001001000111000000000000110100000001110101000
25868,1010000001001000111000000000000110100000001111000000
25864,1010000001001000111000000000000110100000001111000100
26389,1010000001001000111000000000000110100000001111000110
26390,1010000001001000111000000000000110100000001111001000
26393,1010000001001000111000000000000110100000001111001010
26394,1010000001001000111000000000000110100000001111001011
26415,1010000001001000111000000000000110100000001111001100
26418,1010000001001000111000000000000110100000001111001110
26426,1010000001001000111000000000000110100000001111001111
25711,1010000001001000111000000000000110100000001111100000
25928,10100000010010001110000000000000010000000000001000000
25877,10100000010010001110000000000001101000000010100000000
25872,10100000010010001110000000000001101000000010100000100
25874,10100000010010001110000000000001101000000010100000101
25880,10100000010010001110000000000001101000000010100001000
25697,10100000010010001110000000000001101000000011101000000
25691,10100000010010001110000000000001101000000011101010000
25693,10100000010010001110000000000001101000000011101010001
25863,10100000010010001110000000000001101000000011110001000
25857,10100000010010001110000000000001101000000011110001100
26440,10100000010010001110000000000001101000000011110010000
25386,10100000010010001110000000000001101000000011110010100
26439,10100000010010001110000000000001101000000011110010110
26403,10100000010010001110000000000001101000000011110011000
26404,10100000010010001110000000000001101000000011110011001
26422,10100000010010001110000000000001101000000011110011100
25713,10100000010010001110000000000001101000000011110011110
25927,101000000100100011100000000000000100000000000010000000
25878,101000000100100011100000000000011010000000101000000000
25873,101000000100100011100000000000011010000000101000001000
25875,101000000100100011100000000000011010000000101000001001
25699,101000000100100011100000000000011010000000111010000000
25700,101000000100100011100000000000011010000000111010000001
25690,101000000100100011100000000000011010000000111010100000
25692,101000000100100011100000000000011010000000111010100010
25862,101000000100100011100000000000011010000000111100010000
25858,101000000100100011100000000000011010000000111100011000
25861,101000000100100011100000000000011010000000111100011001
25345,101000000100100011100000000000011010000000111100100000
25387,101000000100100011100000000000011010000000111100101000
26353,101000000100100011100000000000011010000000111100101100
25760,101000000100100011100000000000011010000000111100110000
26402,101000000100100011100000000000011010000000111100110010
26405,101000000100100011100000000000011010000000111100110011
25714,101000000100100011100000000000011010000000111100111000
25925,1010000001001000111000000000000001000000000000100000000
25701,1010000001001000111000000000000110100000001110100000010
25702,1010000001001000111000000000000110100000001110100000011
25694,1010000001001000111000000000000110100000001110101000100
25695,1010000001001000111000000000000110100000001110101000101
25865,1010000001001000111000000000000110100000001111000100000
25860,1010000001001000111000000000000110100000001111000110000
25346,1010000001001000111000000000000110100000001111001000000
25818,1010000001001000111000000000000110100000001111001000001
25385,1010000001001000111000000000000110100000001111001010000
26574,1010000001001000111000000000000110100000001111001011000
25755,1010000001001000111000000000000110100000001111001100100
25753,1010000001001000111000000000000110100000001111001100110
25716,1010000001001000111000000000000110100000001111001110000
26368,1010000001001000111000000000000110100000001111001110001
25926,10100000010010001110000000000000010000000000001000000000
25703,10100000010010001110000000000001101000000011101000000110
25866,10100000010010001110000000000001101000000011110001000000
25859,10100000010010001110000000000001101000000011110001100000
25347,10100000010010001110000000000001101000000011110010000000
26448,10100000010010001110000000000001101000000011110010100000
26573,10100000010010001110000000000001101000000011110010110000
26575,10100000010010001110000000000001101000000011110010110001
25757,10100000010010001110000000000001101000000011110011001000
25758,10100000010010001110000000000001101000000011110011001001
25754,10100000010010001110000000000001101000000011110011001100
25717,10100000010010001110000000000001101000000011110011100000
26367,10100000010010001110000000000001101000000011110011100010
25922,101000000100100011100000000000000100000000000010000000000
25704,101000000100100011100000000000011010000000111010000001100
25867,101000000100100011100000000000011010000000111100010000000
25348,101000000100100011100000000000011010000000111100100000000
25819,101000000100100011100000000000011010000000111100100000001
26447,101000000100100011100000000000011010000000111100101000000
26571,101000000100100011100000000000011010000000111100101100000
26572,101000000100100011100000000000011010000000111100101100001
25762,101000000100100011100000000000011010000000111100101100010
25756,101000000100100011100000000000011010000000111100110010000
25759,101000000100100011100000000000011010000000111100110010010
25715,101000000100100011100000000000011010000000111100111000000
26369,101000000100100011100000000000011010000000111100111000100
25924,1010000001001000111000000000000001000000000000100000000000
25705,1010000001001000111000000000000110100000001110100000011000
25706,1010000001001000111000000000000110100000001110100000011001
25349,1010000001001000111000000000000110100000001111001000000000
25821,1010000001001000111000000000000110100000001111001000000010
25823,1010000001001000111000000000000110100000001111001000000011
26445,1010000001001000111000000000000110100000001111001010000000
26446,1010000001001000111000000000000110100000001111001010000001
26569,1010000001001000111000000000000110100000001111001011000000
26570,1010000001001000111000000000000110100000001111001011000001
25763,1010000001001000111000000000000110100000001111001011000010
25761,1010000001001000111000000000000110100000001111001011000100
25718,1010000001001000111000000000000110100000001111001110000000
25719,1010000001001000111000000000000110100000001111001110000001
28602,1010000001001000111000000000000110100000001111001110001000
26508,10100000010010001110000000000000010000000000001000000000000
25350,10100000010010001110000000000001101000000011110010000000000
25856,10100000010010001110000000000001101000000011110010000000001
25820,10100000010010001110000000000001101000000011110010000000100
25824,10100000010010001110000000000001101000000011110010000000110
25825,10100000010010001110000000000001101000000011110010000000111
25817,10100000010010001110000000000001101000000011110010100000000
26449,10100000010010001110000000000001101000000011110010100000010
26567,10100000010010001110000000000001101000000011110010110000000
26568,10100000010010001110000000000001101000000011110010110000001
25392,10100000010010001110000000000001101000000011110010110000010
25764,10100000010010001110000000000001101000000011110010110000100
25752,10100000010010001110000000000001101000000011110011100000010
26370,10100000010010001110000000000001101000000011110011100000011
28338,10100000010010001110000000000001101000000011110011100010000
28340,10100000010010001110000000000001101000000011110011100010001
26507,101000000100100011100000000000000100000000000010000000000000
26509,101000000100100011100000000000000100000000000010000000000001
25351,101000000100100011100000000000011010000000111100100000000000
26474,101000000100100011100000000000011010000000111100100000001000
25826,101000000100100011100000000000011010000000111100100000001110
25827,101000000100100011100000000000011010000000111100100000001111
26352,101000000100100011100000000000011010000000111100101000000100
25778,101000000100100011100000000000011010000000111100101100000000
25774,101000000100100011100000000000011010000000111100101100000010
25393,101000000100100011100000000000011010000000111100101100000100
25771,101000000100100011100000000000011010000000111100101100000101
26521,101000000100100011100000000000011010000000111100111000000110
28339,101000000100100011100000000000011010000000111100111000100000
28341,101000000100100011100000000000011010000000111100111000100010
26505,1010000001001000111000000000000001000000000000100000000000000
26506,1010000001001000111000000000000001000000000000100000000000001
25935,1010000001001000111000000000000001000000000000100000000000010
25352,1010000001001000111000000000000110100000001111001000000000000
25833,1010000001001000111000000000000110100000001111001000000000001
26473,1010000001001000111000000000000110100000001111001000000010000
26475,1010000001001000111000000000000110100000001111001000000010001
26563,1010000001001000111000000000000110100000001111001010000001000
25779,1010000001001000111000000000000110100000001111001011000000000
25777,1010000001001000111000000000000110100000001111001011000000100
25394,1010000001001000111000000000000110100000001111001011000001000
25765,1010000001001000111000000000000110100000001111001011000001001
26520,1010000001001000111000000000000110100000001111001110000001100
26522,1010000001001000111000000000000110100000001111001110000001101
25946,10100000010010001110000000000000010000000000001000000000000000
25931,10100000010010001110000000000000010000000000001000000000000010
26512,10100000010010001110000000000000010000000000001000000000000100
25353,10100000010010001110000000000001101000000011110010000000000000
25854,10100000010010001110000000000001101000000011110010000000000001
25822,10100000010010001110000000000001101000000011110010000000100000
26373,10100000010010001110000000000001101000000011110010000000100010
26560,10100000010010001110000000000001101000000011110010100000010000
26561,10100000010010001110000000000001101000000011110010100000010001
25772,10100000010010001110000000000001101000000011110010110000001000
26450,10100000010010001110000000000001101000000011110010110000010000
26372,10100000010010001110000000000001101000000011110011100000011000
26371,10100000010010001110000000000001101000000011110011100000011010
25947,101000000100100011100000000000000100000000000010000000000000000
26510,101000000100100011100000000000000100000000000010000000000001000
26511,101000000100100011100000000000000100000000000010000000000001001
25354,101000000100100011100000000000011010000000111100100000000000000
25855,101000000100100011100000000000011010000000111100100000000000010
25828,101000000100100011100000000000011010000000111100100000001000100
25816,101000000100100011100000000000011010000000111100101000000100000
26559,101000000100100011100000000000011010000000111100101000000100010
26562,101000000100100011100000000000011010000000111100101000000100011
25776,101000000100100011100000000000011010000000111100101100000010000
26451,101000000100100011100000000000011010000000111100101100000100000
26452,101000000100100011100000000000011010000000111100101100000100001
25751,101000000100100011100000000000011010000000111100111000000110000
25720,101000000100100011100000000000011010000000111100111000000110100
25728,101000000100100011100000000000011010000000111100111000000110101
25948,1010000001001000111000000000000001000000000000100000000000000000
25945,1010000001001000111000000000000001000000000000100000000000010000
25936,1010000001001000111000000000000001000000000000100000000000010010
25355,1010000001001000111000000000000110100000001111001000000000000000
25830,1010000001001000111000000000000110100000001111001000000010001000
25815,1010000001001000111000000000000110100000001111001010000001000000
26557,1010000001001000111000000000000110100000001111001010000001000100
26558,1010000001001000111000000000000110100000001111001010000001000101
25781,1010000001001000111000000000000110100000001111001010000001000110
25773,1010000001001000111000000000000110100000001111001011000000100000
25767,1010000001001000111000000000000110100000001111001011000001000000
25395,1010000001001000111000000000000110100000001111001011000001000010
25721,1010000001001000111000000000000110100000001111001110000001101000
25729,1010000001001000111000000000000110100000001111001110000001101010
25735,1010000001001000111000000000000110100000001111001110000001101011
25940,10100000010010001110000000000000010000000000001000000000000100100
25944,10100000010010001110000000000000010000000000001000000000000100101
25356,10100000010010001110000000000001101000000011110010000000000000000
25359,10100000010010001110000000000001101000000011110010000000000000001
25829,10100000010010001110000000000001101000000011110010000000100010000
26556,10100000010010001110000000000001101000000011110010100000010001000
26566,10100000010010001110000000000001101000000011110010100000010001001
25782,10100000010010001110000000000001101000000011110010100000010001010
25780,10100000010010001110000000000001101000000011110010100000010001100
25775,10100000010010001110000000000001101000000011110010110000001000000
25768,10100000010010001110000000000001101000000011110010110000010000000
25769,10100000010010001110000000000001101000000011110010110000010000001
25396,10100000010010001110000000000001101000000011110010110000010000100
25766,10100000010010001110000000000001101000000011110010110000010000101
25723,10100000010010001110000000000001101000000011110011100000011010000
25745,10100000010010001110000000000001101000000011110011100000011010001
25730,10100000010010001110000000000001101000000011110011100000011010100
25743,10100000010010001110000000000001101000000011110011100000011010101
25736,10100000010010001110000000000001101000000011110011100000011010110
25737,10100000010010001110000000000001101000000011110011100000011010111
25937,101000000100100011100000000000000100000000000010000000000001001000
25357,101000000100100011100000000000011010000000111100100000000000000000
25835,101000000100100011100000000000011010000000111100100000000000000001
25360,101000000100100011100000000000011010000000111100100000000000000010
25831,101000000100100011100000000000011010000000111100100000001000100000
26554,101000000100100011100000000000011010000000111100101000000100010000
26564,101000000100100011100000000000011010000000111100101000000100010010
26565,101000000100100011100000000000011010000000111100101000000100010011
25770,101000000100100011100000000000011010000000111100101100000100000010
25397,101000000100100011100000000000011010000000111100101100000100001000
25722,101000000100100011100000000000011010000000111100111000000110100000
25744,101000000100100011100000000000011010000000111100111000000110100010
25731,101000000100100011100000000000011010000000111100111000000110101000
25739,101000000100100011100000000000011010000000111100111000000110101001
25941,1010000001001000111000000000000001000000000000100000000000010010000
25358,1010000001001000111000000000000110100000001111001000000000000000000
25834,1010000001001000111000000000000110100000001111001000000000000000001
25361,1010000001001000111000000000000110100000001111001000000000000000100
25832,1010000001001000111000000000000110100000001111001000000010001000000
26552,1010000001001000111000000000000110100000001111001010000001000100000
26553,1010000001001000111000000000000110100000001111001010000001000100001
25784,1010000001001000111000000000000110100000001111001010000001000100100
25783,1010000001001000111000000000000110100000001111001010000001000100110
25398,1010000001001000111000000000000110100000001111001011000001000010000
26378,1010000001001000111000000000000110100000001111001110000001101000000
26472,1010000001001000111000000000000110100000001111001110000001101010000
25740,1010000001001000111000000000000110100000001111001110000001101010010
25742,1010000001001000111000000000000110100000001111001110000001101010011
25938,10100000010010001110000000000000010000000000001000000000000100100000
25362,10100000010010001110000000000001101000000011110010000000000000001000
25814,10100000010010001110000000000001101000000011110010100000010001000000
26550,10100000010010001110000000000001101000000011110010100000010001000010
26551,10100000010010001110000000000001101000000011110010100000010001000011
25724,10100000010010001110000000000001101000000011110011100000011010000000
26470,10100000010010001110000000000001101000000011110011100000011010100000
26471,10100000010010001110000000000001101000000011110011100000011010100001
25741,10100000010010001110000000000001101000000011110011100000011010100110
25939,101000000100100011100000000000000100000000000010000000000001001000000
25363,101000000100100011100000000000011010000000111100100000000000000010000
26548,101000000100100011100000000000011010000000111100101000000100010000100
26549,101000000100100011100000000000011010000000111100101000000100010000101
25785,101000000100100011100000000000011010000000111100101000000100010000110
25725,101000000100100011100000000000011010000000111100111000000110100000000
25746,101000000100100011100000000000011010000000111100111000000110100000001
25732,101000000100100011100000000000011010000000111100111000000110101000000
25738,101000000100100011100000000000011010000000111100111000000110101000010
25942,1010000001001000111000000000000001000000000000100000000000010010000000
25364,1010000001001000111000000000000110100000001111001000000000000000100000
26546,1010000001001000111000000000000110100000001111001010000001000100001000
26547,1010000001001000111000000000000110100000001111001010000001000100001001
25453,1010000001001000111000000000000110100000001111001010000001000100001010
25786,1010000001001000111000000000000110100000001111001010000001000100001100
25726,1010000001001000111000000000000110100000001111001110000001101000000000
25750,1010000001001000111000000000000110100000001111001110000001101000000001
25747,1010000001001000111000000000000110100000001111001110000001101000000010
25749,1010000001001000111000000000000110100000001111001110000001101000000011
25733,1010000001001000111000000000000110100000001111001110000001101010000000
25943,10100000010010001110000000000000010000000000001000000000000100100000000
25365,10100000010010001110000000000001101000000011110010000000000000001000000
25813,10100000010010001110000000000001101000000011110010100000010001000010000
26545,10100000010010001110000000000001101000000011110010100000010001000010010
26555,10100000010010001110000000000001101000000011110010100000010001000010011
25454,10100000010010001110000000000001101000000011110010100000010001000010100
25787,10100000010010001110000000000001101000000011110010100000010001000010101
25727,10100000010010001110000000000001101000000011110011100000011010000000000
25748,10100000010010001110000000000001101000000011110011100000011010000000100
25734,10100000010010001110000000000001101000000011110011100000011010100000000
25366,101000000100100011100000000000011010000000111100100000000000000010000000
26543,101000000100100011100000000000011010000000111100101000000100010000100100
26544,101000000100100011100000000000011010000000111100101000000100010000100101
25801,101000000100100011100000000000011010000000111100101000000100010000100110
25455,101000000100100011100000000000011010000000111100101000000100010000101000
25788,101000000100100011100000000000011010000000111100101000000100010000101010
25367,1010000001001000111000000000000110100000001111001000000000000000100000000
26541,1010000001001000111000000000000110100000001111001010000001000100001001000
26542,1010000001001000111000000000000110100000001111001010000001000100001001001
25802,1010000001001000111000000000000110100000001111001010000001000100001001010
25456,1010000001001000111000000000000110100000001111001010000001000100001010000
25789,1010000001001000111000000000000110100000001111001010000001000100001010100
25368,10100000010010001110000000000001101000000011110010000000000000001000000000
25809,10100000010010001110000000000001101000000011110010100000010001000010010000
25388,10100000010010001110000000000001101000000011110010100000010001000010010010
25803,10100000010010001110000000000001101000000011110010100000010001000010010100
25457,10100000010010001110000000000001101000000011110010100000010001000010100000
25796,10100000010010001110000000000001101000000011110010100000010001000010100001
25790,10100000010010001110000000000001101000000011110010100000010001000010101000
25369,101000000100100011100000000000011010000000111100100000000000000010000000000
25810,101000000100100011100000000000011010000000111100101000000100010000100100000
25389,101000000100100011100000000000011010000000111100101000000100010000100100100
25459,101000000100100011100000000000011010000000111100101000000100010000101000000
25798,101000000100100011100000000000011010000000111100101000000100010000101000001
25797,101000000100100011100000000000011010000000111100101000000100010000101000010
25791,101000000100100011100000000000011010000000111100101000000100010000101010000
25370,1010000001001000111000000000000110100000001111001000000000000000100000000000
25836,1010000001001000111000000000000110100000001111001000000000000000100000000001
25811,1010000001001000111000000000000110100000001111001010000001000100001001000000
25390,1010000001001000111000000000000110100000001111001010000001000100001001001000
25458,1010000001001000111000000000000110100000001111001010000001000100001010000000
25792,1010000001001000111000000000000110100000001111001010000001000100001010100000
25794,1010000001001000111000000000000110100000001111001010000001000100001010100001
25371,10100000010010001110000000000001101000000011110010000000000000001000000000000
25838,10100000010010001110000000000001101000000011110010000000000000001000000000001
25837,10100000010010001110000000000001101000000011110010000000000000001000000000010
25812,10100000010010001110000000000001101000000011110010100000010001000010010000000
25391,10100000010010001110000000000001101000000011110010100000010001000010010010000
25804,10100000010010001110000000000001101000000011110010100000010001000010010010001
25460,10100000010010001110000000000001101000000011110010100000010001000010100000000
25800,10100000010010001110000000000001101000000011110010100000010001000010100000001
25793,10100000010010001110000000000001101000000011110010100000010001000010101000000
25795,10100000010010001110000000000001101000000011110010100000010001000010101000010
25372,101000000100100011100000000000011010000000111100100000000000000010000000000000
25852,101000000100100011100000000000011010000000111100100000000000000010000000000001
25839,101000000100100011100000000000011010000000111100100000000000000010000000000010
25808,101000000100100011100000000000011010000000111100101000000100010000100100100000
26300,101000000100100011100000000000011010000000111100101000000100010000100100100001
25805,101000000100100011100000000000011010000000111100101000000100010000100100100010
25461,101000000100100011100000000000011010000000111100101000000100010000101000000000
25799,101000000100100011100000000000011010000000111100101000000100010000101000000001
25373,1010000001001000111000000000000110100000001111001000000000000000100000000000000
25378,1010000001001000111000000000000110100000001111001000000000000000100000000000001
25853,1010000001001000111000000000000110100000001111001000000000000000100000000000010
25806,1010000001001000111000000000000110100000001111001010000001000100001001001000100
25374,10100000010010001110000000000001101000000011110010000000000000001000000000000000
25847,10100000010010001110000000000001101000000011110010000000000000001000000000000001
25379,10100000010010001110000000000001101000000011110010000000000000001000000000000010
25807,10100000010010001110000000000001101000000011110010100000010001000010010010001000
25375,101000000100100011100000000000011010000000111100100000000000000010000000000000000
25840,101000000100100011100000000000011010000000111100100000000000000010000000000000001
25848,101000000100100011100000000000011010000000111100100000000000000010000000000000010
25380,101000000100100011100000000000011010000000111100100000000000000010000000000000100
25376,1010000001001000111000000000000110100000001111001000000000000000100000000000000000
25841,1010000001001000111000000000000110100000001111001000000000000000100000000000000010
25846,1010000001001000111000000000000110100000001111001000000000000000100000000000000011
25849,1010000001001000111000000000000110100000001111001000000000000000100000000000000100
26444,1010000001001000111000000000000110100000001111001000000000000000100000000000001000
25377,10100000010010001110000000000001101000000011110010000000000000001000000000000000000
25842,10100000010010001110000000000001101000000011110010000000000000001000000000000000100
25845,10100000010010001110000000000001101000000011110010000000000000001000000000000000110
25850,10100000010010001110000000000001101000000011110010000000000000001000000000000001000
26442,10100000010010001110000000000001101000000011110010000000000000001000000000000010000
26443,10100000010010001110000000000001101000000011110010000000000000001000000000000010001
25844,101000000100100011100000000000011010000000111100100000000000000010000000000000001000
25851,101000000100100011100000000000011010000000111100100000000000000010000000000000100000
25381,101000000100100011100000000000011010000000111100100000000000000010000000000000100010
25843,1010000001001000111000000000000110100000001111001000000000000000100000000000000010000
25382,1010000001001000111000000000000110100000001111001000000000000000100000000000001000100
25384,10100000010010001110000000000001101000000011110010000000000000001000000000000010001000
25383,101000000100100011100000000000011010000000111100100000000000000010000000000000100010000
