"rid", "binaryID"
62611,1
62612,10
63315,11
62613,100
63529,101
63314,110
62614,1000
63522,1001
63528,1010
63316,1100
62615,10000
63521,10010
63527,10100
63318,11000
62616,100000
63520,100100
63530,101000
63531,101001
63322,110000
62617,1000000
63523,1001000
63526,1001001
63532,1010010
63533,1010011
63319,1100000
62620,10000000
63519,10000001
63524,10010000
63525,10010001
63317,11000000
62619,100000000
63320,110000000
62618,1000000000
63321,1100000000
62621,10000000000
63488,10000000001
62622,100000000000
62641,100000000001
63490,100000000010
63518,100000000011
62623,1000000000000
62642,1000000000010
63491,1000000000100
63517,1000000000110
62624,10000000000000
63323,10000000000001
62643,10000000000100
63489,10000000001000
63516,10000000001100
62625,100000000000000
63324,100000000000010
62644,100000000001000
63485,100000000001001
63492,100000000010000
63513,100000000010001
62626,1000000000000000
62645,1000000000010000
63481,1000000000010001
63486,1000000000010010
63487,1000000000010011
63495,1000000000100000
63512,1000000000100001
63515,1000000000100010
62627,10000000000000000
63367,10000000000000001
62646,10000000000100000
63479,10000000000100001
63482,10000000000100010
63484,10000000000100011
63497,10000000001000000
63514,10000000001000100
62630,100000000000000000
63366,100000000000000001
62647,100000000001000000
63368,100000000001000001
63480,100000000001000010
63483,100000000001000110
63496,100000000010000000
62628,1000000000000000000
63902,1000000000010000000
63369,1000000000010000010
63373,1000000000010000011
63494,1000000000100000000
62629,10000000000000000000
63900,10000000000100000000
63901,10000000000100000001
63370,10000000000100000100
63372,10000000000100000101
63498,10000000001000000000
62631,100000000000000000000
63363,100000000000000000001
63898,100000000001000000000
63899,100000000001000000001
63896,100000000001000000010
63897,100000000001000000011
63371,100000000001000001010
63493,100000000010000000000
62632,1000000000000000000000
63360,1000000000000000000001
63364,1000000000000000000010
63365,1000000000000000000011
63477,1000000000010000000000
63474,1000000000010000000010
63460,1000000000010000000100
63376,1000000000010000000110
63499,1000000000100000000000
63505,1000000000100000000001
62633,10000000000000000000000
63362,10000000000000000000010
63478,10000000000100000000000
63475,10000000000100000000100
63476,10000000000100000000101
63461,10000000000100000001000
63470,10000000000100000001001
63377,10000000000100000001100
63500,10000000001000000000000
63507,10000000001000000000001
62634,100000000000000000000000
63361,100000000000000000000100
63462,100000000001000000010000
63473,100000000001000000010001
63471,100000000001000000010010
63375,100000000001000000011000
63501,100000000010000000000000
63509,100000000010000000000001
63508,100000000010000000000010
63841,1000000000000000000000000
63464,1000000000010000000100000
63472,1000000000010000000100001
63378,1000000000010000000110000
63502,1000000000100000000000000
63511,1000000000100000000000001
63506,1000000000100000000000100
63839,10000000000000000000000000
63840,10000000000000000000000001
63465,10000000000100000001000000
63374,10000000000100000001100000
63503,10000000001000000000000000
63510,10000000001000000000000001
63359,100000000000000000000000000
63837,100000000000000000000000010
63838,100000000000000000000000011
63463,100000000001000000010000000
63379,100000000001000000011000000
63459,100000000001000000011000001
63504,100000000010000000000000000
63358,1000000000000000000000000100
62635,1000000000000000000000000110
63466,1000000000010000000100000000
63380,1000000000010000000110000000
63357,10000000000000000000000001000
62636,10000000000000000000000001100
63326,10000000000000000000000001101
63469,10000000000100000001000000000
63382,10000000000100000001100000000
63458,10000000000100000001100000001
62637,100000000000000000000000011000
63352,100000000000000000000000011001
63325,100000000000000000000000011010
63468,100000000001000000010000000000
63381,100000000001000000011000000000
63457,100000000001000000011000000010
62638,1000000000000000000000000110000
63333,1000000000000000000000000110001
63353,1000000000000000000000000110010
63355,1000000000000000000000000110011
63328,1000000000000000000000000110100
63467,1000000000010000000100000000000
63383,1000000000010000000110000000000
63387,1000000000010000000110000000001
63456,1000000000010000000110000000100
62639,10000000000000000000000001100000
63350,10000000000000000000000001100001
63334,10000000000000000000000001100010
63336,10000000000000000000000001100011
63354,10000000000000000000000001100100
63356,10000000000000000000000001100110
63327,10000000000000000000000001101000
63384,10000000000100000001100000000000
63453,10000000000100000001100000000001
63388,10000000000100000001100000000010
63390,10000000000100000001100000000011
62640,100000000000000000000000011000000
63337,100000000000000000000000011000001
63351,100000000000000000000000011000010
63335,100000000000000000000000011000100
63329,100000000000000000000000011010000
63331,100000000000000000000000011010001
63385,100000000001000000011000000000000
63392,100000000001000000011000000000001
63454,100000000001000000011000000000010
63455,100000000001000000011000000000011
63389,100000000001000000011000000000100
63391,100000000001000000011000000000110
63338,1000000000000000000000000110000010
63348,1000000000000000000000000110000011
63330,1000000000000000000000000110100000
63332,1000000000000000000000000110100010
63386,1000000000010000000110000000000000
63396,1000000000010000000110000000000001
63393,1000000000010000000110000000000010
63395,1000000000010000000110000000000011
63339,10000000000000000000000001100000100
63342,10000000000000000000000001100000101
63349,10000000000000000000000001100000110
63397,10000000000100000001100000000000010
63398,10000000000100000001100000000000011
63394,10000000000100000001100000000000100
63340,100000000000000000000000011000001000
63341,100000000000000000000000011000001001
63343,100000000000000000000000011000001010
63399,100000000001000000011000000000000110
63404,100000000001000000011000000000000111
63345,1000000000000000000000000110000010100
63400,1000000000010000000110000000000001100
63407,1000000000010000000110000000000001101
63347,10000000000000000000000001100000101000
63401,10000000000100000001100000000000011000
63410,10000000000100000001100000000000011001
63405,10000000000100000001100000000000011010
63346,100000000000000000000000011000001010000
63402,100000000001000000011000000000000110000
63409,100000000001000000011000000000000110001
63412,100000000001000000011000000000000110010
63421,100000000001000000011000000000000110011
63406,100000000001000000011000000000000110100
63344,1000000000000000000000000110000010100000
63403,1000000000010000000110000000000001100000
63408,1000000000010000000110000000000001100001
63413,1000000000010000000110000000000001100100
63424,1000000000010000000110000000000001100110
63426,1000000000010000000110000000000001100111
63411,10000000000100000001100000000000011001000
63423,10000000000100000001100000000000011001100
63427,10000000000100000001100000000000011001110
63428,10000000000100000001100000000000011001111
63414,100000000001000000011000000000000110010000
63450,100000000001000000011000000000000110010001
63422,100000000001000000011000000000000110011000
63429,100000000001000000011000000000000110011110
63415,1000000000010000000110000000000001100100000
63451,1000000000010000000110000000000001100100010
63425,1000000000010000000110000000000001100110000
63433,1000000000010000000110000000000001100111100
63434,1000000000010000000110000000000001100111101
63416,10000000000100000001100000000000011001000000
63449,10000000000100000001100000000000011001000100
63430,10000000000100000001100000000000011001111000
63435,10000000000100000001100000000000011001111010
63419,100000000001000000011000000000000110010000000
63452,100000000001000000011000000000000110010001000
63432,100000000001000000011000000000000110011110000
63436,100000000001000000011000000000000110011110100
63418,1000000000010000000110000000000001100100000000
63431,1000000000010000000110000000000001100111100000
63438,1000000000010000000110000000000001100111101000
63440,1000000000010000000110000000000001100111101001
63417,10000000000100000001100000000000011001000000000
63437,10000000000100000001100000000000011001111010000
63439,10000000000100000001100000000000011001111010010
63420,100000000001000000011000000000000110010000000000
63903,100000000001000000011000000000000110011110100000
63441,100000000001000000011000000000000110011110100100
63904,1000000000010000000110000000000001100111101000000
63905,1000000000010000000110000000000001100111101000001
63443,1000000000010000000110000000000001100111101001000
63446,10000000000100000001100000000000011001111010000000
63448,10000000000100000001100000000000011001111010000010
63442,10000000000100000001100000000000011001111010010000
63447,100000000001000000011000000000000110011110100000000
63444,100000000001000000011000000000000110011110100100000
63799,1000000000010000000110000000000001100111101000000000
63445,1000000000010000000110000000000001100111101001000000
63801,10000000000100000001100000000000011001111010000000000
63800,100000000001000000011000000000000110011110100000000000
