"rid", "binaryID"
63810,1
63808,10
63809,100
63811,1000
62807,10000
63812,100000
63764,1000000
63774,10000000
63777,10000001
62803,100000000
63813,100000001
63779,100000010
63815,1000000010
63778,1000000100
63814,10000000100
63763,10000001000
63820,10000001001
63816,100000001000
63776,100000010000
63822,100000010001
63819,100000010010
62800,1000000010000
62802,1000000010001
63825,1000000100000
63823,1000000100010
63818,1000000100100
62798,10000000100000
62801,10000000100010
63761,10000001000000
63821,10000001000100
62799,100000001000000
63817,100000001000100
62804,100000010000000
63775,100000010000001
63824,100000010001000
62805,1000000100010000
62898,10000001000100000
62899,10000001000100001
62897,100000010001000000
62901,1000000100010000000
62900,10000001000100000000
