"rid", "binaryID"
24630,1
24644,10
24248,100
24645,101
24249,1000
24649,1010
24664,1011
24680,10100
24665,10110
24679,101000
24690,101001
24220,101100
24661,101101
24678,1010000
24687,1010010
24219,1011000
24225,1011001
24247,1011010
24662,1011011
24052,10100000
24677,10100001
24692,10100100
24221,10110000
24226,10110010
24246,10110100
24227,10110110
24663,10110111
24051,101000000
23827,101000010
24676,101000011
24693,101001000
24222,101100000
24224,101100100
24228,101101100
24233,101101110
24239,101101111
24053,1010000000
24058,1010000001
23826,1010000100
23837,1010000110
23847,1010000111
24686,1010010000
24223,1011001000
24230,1011011000
24231,1011011001
24232,1011011100
24238,1011011110
24245,1011011111
24054,10100000000
24063,10100000001
23828,10100001000
24215,10100001001
23836,10100001100
23848,10100001110
24691,10100100000
24229,10110110000
24235,10110111000
24237,10110111001
24240,10110111100
24244,10110111110
24055,101000000000
24061,101000000001
24062,101000000010
23830,101000010000
24213,101000010001
24214,101000010010
23835,101000011000
23846,101000011100
24067,101000011101
24688,101001000000
24234,101101110000
24236,101101110010
24241,101101111000
24056,1010000000000
23829,1010000100000
24211,1010000100010
24216,1010000100100
23838,1010000110000
24184,1010000110001
23850,1010000111000
23927,1010000111001
24064,1010000111010
24689,1010010000000
24243,1011011110000
24057,10100000000000
24059,10100000000001
23831,10100001000000
24208,10100001000001
24210,10100001000100
24217,10100001001000
23839,10100001100000
24202,10100001100001
23849,10100001110000
23926,10100001110010
24066,10100001110100
24242,10110111100000
24060,101000000000010
23832,101000010000000
24203,101000010000001
24207,101000010000010
24209,101000010001000
24218,101000010010000
24780,101000011000000
23851,101000011100000
23947,101000011100001
23928,101000011100100
24182,101000011100101
24065,101000011101000
23833,1010000100000000
24204,1010000100000001
24212,1010000100010000
24779,1010000110000000
24781,1010000110000001
23852,1010000111000000
24068,1010000111000001
23948,1010000111000010
24180,1010000111000011
24183,1010000111001010
23834,10100001000000000
24205,10100001000000010
24198,10100001100000000
24782,10100001100000010
24783,10100001100000011
23853,10100001110000000
24173,10100001110000001
23949,10100001110000100
24177,10100001110000101
24181,10100001110010100
24206,101000010000000100
24821,101000011000000000
24185,101000011000000100
24784,101000011000000110
24785,101000011000000111
23854,101000011100000000
24172,101000011100000001
24174,101000011100000010
24175,101000011100000011
23950,101000011100001000
24178,101000011100001001
24176,101000011100001010
24822,1010000110000000000
24823,1010000110000000001
24187,1010000110000001000
24197,1010000110000001100
24786,1010000110000001110
24787,1010000110000001111
23855,1010000111000000000
24171,1010000111000000001
23951,1010000111000010000
24179,1010000111000010001
24199,10100001100000000000
24201,10100001100000000010
24186,10100001100000010000
24196,10100001100000011100
23840,10100001100000011110
23856,10100001110000000000
24069,10100001110000000001
24200,101000011000000000000
24188,101000011000000100000
24193,101000011000000100001
23845,101000011000000111100
23857,101000011100000000000
24165,101000011100000000001
24070,101000011100000000010
24071,101000011100000000011
24190,1010000110000001000000
23843,1010000110000001111000
23858,1010000111000000000000
24072,1010000111000000000001
24166,1010000111000000000010
24168,1010000111000000000011
24189,10100001100000010000000
23841,10100001100000011110000
23859,10100001110000000000000
24164,10100001110000000000001
24073,10100001110000000000010
24167,10100001110000000000100
24169,10100001110000000000110
24170,10100001110000000000111
24191,101000011000000100000000
23844,101000011000000111100000
23860,101000011100000000000000
24163,101000011100000000000001
24074,101000011100000000000100
24192,1010000110000001000000000
24194,1010000110000001000000001
23842,1010000110000001111000000
23861,1010000111000000000000000
24075,1010000111000000000000001
24195,10100001100000010000000010
23862,10100001110000000000000000
24160,10100001110000000000000001
23863,101000011100000000000000000
23885,101000011100000000000000001
24161,101000011100000000000000010
24162,101000011100000000000000011
23864,1010000111000000000000000000
23886,1010000111000000000000000010
24137,1010000111000000000000000011
23866,10100001110000000000000000000
23872,10100001110000000000000000001
23887,10100001110000000000000000100
24159,10100001110000000000000000101
23867,101000011100000000000000000000
23871,101000011100000000000000000010
23888,101000011100000000000000001000
24138,101000011100000000000000001001
23865,1010000111000000000000000000000
24788,1010000111000000000000000000100
23889,1010000111000000000000000010000
24139,1010000111000000000000000010001
24876,10100001110000000000000000000000
24789,10100001110000000000000000001000
24790,10100001110000000000000000001001
23890,10100001110000000000000000100000
23929,10100001110000000000000000100001
24140,10100001110000000000000000100010
24144,10100001110000000000000000100011
24874,101000011100000000000000000000000
24875,101000011100000000000000000000001
24076,101000011100000000000000000010000
23873,101000011100000000000000000010010
23891,101000011100000000000000001000000
24156,101000011100000000000000001000001
23930,101000011100000000000000001000010
24158,101000011100000000000000001000011
24141,101000011100000000000000001000100
23868,1010000111000000000000000000000000
24135,1010000111000000000000000000000010
24077,1010000111000000000000000000100000
23875,1010000111000000000000000000100100
23892,1010000111000000000000000010000000
24145,1010000111000000000000000010000001
24157,1010000111000000000000000010000010
23931,1010000111000000000000000010000100
24143,1010000111000000000000000010001000
23869,10100001110000000000000000000000000
24131,10100001110000000000000000000000001
24136,10100001110000000000000000000000100
24078,10100001110000000000000000001000000
24081,10100001110000000000000000001000001
23876,10100001110000000000000000001001000
23893,10100001110000000000000000100000000
24155,10100001110000000000000000100000001
24142,10100001110000000000000000100010000
23870,101000011100000000000000000000000000
24132,101000011100000000000000000000000001
24134,101000011100000000000000000000001000
24079,101000011100000000000000000010000000
24080,101000011100000000000000000010000010
23874,101000011100000000000000000010010000
24803,101000011100000000000000001000000000
24133,1010000111000000000000000000000000010
24082,1010000111000000000000000000100000100
23877,1010000111000000000000000000100100000
24129,1010000111000000000000000000100100001
24804,1010000111000000000000000010000000000
24805,1010000111000000000000000010000000001
24083,10100001110000000000000000001000001000
24792,10100001110000000000000000001001000000
24130,10100001110000000000000000001001000010
24806,10100001110000000000000000100000000000
24807,10100001110000000000000000100000000001
24154,10100001110000000000000000100000000010
24819,101000011100000000000000000010000010000
24795,101000011100000000000000000010010000000
24796,101000011100000000000000000010010000001
24151,101000011100000000000000001000000000000
23894,101000011100000000000000001000000000010
24153,101000011100000000000000001000000000100
24818,1010000111000000000000000000100000100000
24820,1010000111000000000000000000100000100001
24793,1010000111000000000000000000100100000000
24797,1010000111000000000000000000100100000010
24798,1010000111000000000000000000100100000011
24152,1010000111000000000000000010000000000000
23895,1010000111000000000000000010000000000100
24148,1010000111000000000000000010000000000101
24085,10100001110000000000000000001000001000000
24084,10100001110000000000000000001000001000010
24117,10100001110000000000000000001001000000000
24799,10100001110000000000000000001001000000100
24800,10100001110000000000000000001001000000101
24794,10100001110000000000000000001001000000110
24146,10100001110000000000000000100000000001010
24086,101000011100000000000000000010000010000000
24118,101000011100000000000000000010010000000000
24123,101000011100000000000000000010010000000001
24089,101000011100000000000000000010010000001000
24801,101000011100000000000000000010010000001010
24802,101000011100000000000000000010010000001011
24791,101000011100000000000000000010010000001100
24149,101000011100000000000000001000000000010100
24088,1010000111000000000000000000100000100000000
24119,1010000111000000000000000000100100000000000
24127,1010000111000000000000000000100100000000001
24124,1010000111000000000000000000100100000000010
24090,1010000111000000000000000000100100000010000
24091,1010000111000000000000000000100100000010100
24672,1010000111000000000000000000100100000010110
23878,1010000111000000000000000000100100000011000
24147,1010000111000000000000000010000000000101000
24087,10100001110000000000000000001000001000000000
24120,10100001110000000000000000001001000000000000
24128,10100001110000000000000000001001000000000001
24125,10100001110000000000000000001001000000000100
24092,10100001110000000000000000001001000000101000
24094,10100001110000000000000000001001000000101001
24704,10100001110000000000000000001001000000101100
23879,10100001110000000000000000001001000000110000
24109,10100001110000000000000000001001000000110001
24150,10100001110000000000000000100000000001010000
24121,101000011100000000000000000010010000000000000
24126,101000011100000000000000000010010000000001000
24093,101000011100000000000000000010010000001010000
24095,101000011100000000000000000010010000001010010
24096,101000011100000000000000000010010000001011000
23880,101000011100000000000000000010010000001100000
24099,101000011100000000000000000010010000001100001
24110,101000011100000000000000000010010000001100010
24113,101000011100000000000000000010010000001100011
24122,1010000111000000000000000000100100000000000000
24097,1010000111000000000000000000100100000010110000
23881,1010000111000000000000000000100100000011000000
24102,1010000111000000000000000000100100000011000001
24111,1010000111000000000000000000100100000011000100
24114,1010000111000000000000000000100100000011000110
24098,10100001110000000000000000001001000000101100000
23882,10100001110000000000000000001001000000110000000
24100,10100001110000000000000000001001000000110000001
24103,10100001110000000000000000001001000000110000010
24105,10100001110000000000000000001001000000110000011
24112,10100001110000000000000000001001000000110001000
24115,10100001110000000000000000001001000000110001100
23883,101000011100000000000000000010010000001100000000
24101,101000011100000000000000000010010000001100000010
24104,101000011100000000000000000010010000001100000100
24107,101000011100000000000000000010010000001100000101
24106,101000011100000000000000000010010000001100000110
24116,101000011100000000000000000010010000001100011000
23884,1010000111000000000000000000100100000011000000000
24108,1010000111000000000000000000100100000011000001010
