"rid", "binaryID"
55997,1
55998,10
56287,11
55996,100
56288,110
55999,1000
56128,1001
56000,10000
56286,10001
56001,100000
56129,100001
56285,100010
56002,1000000
56003,10000000
56116,10000001
56004,100000000
56279,100000001
56117,100000010
56284,100000011
56005,1000000000
56078,1000000001
56118,1000000100
56280,1000000101
56006,10000000000
56262,10000000001
56079,10000000010
56119,10000001000
56281,10000001001
56007,100000000000
56081,100000000100
56343,100000010000
56345,100000010001
56008,1000000000000
56080,1000000001000
56423,1000000100000
56120,1000000100010
56282,1000000100011
56009,10000000000000
56130,10000000000001
56082,10000000010000
56347,10000001000000
56121,10000001000100
56283,10000001000101
56010,100000000000000
56255,100000000000001
56131,100000000000010
56083,100000000100000
56263,100000000100001
56342,100000010000000
56344,100000010000001
56011,1000000000000000
56349,1000000000000001
56256,1000000000000010
56258,1000000000000011
56084,1000000001000000
56266,1000000001000001
56264,1000000001000010
56265,1000000001000011
56012,10000000000000000
56040,10000000000000001
56354,10000000000000010
56257,10000000000000100
56259,10000000000000101
56085,10000000010000000
56278,10000000010000001
56013,100000000000000000
56041,100000000000000010
56254,100000000000000011
56338,100000000000000100
56260,100000000000001010
56086,100000000100000000
56270,100000000100000001
56014,1000000000000000000
56181,1000000000000000001
56042,1000000000000000100
56355,1000000000000001000
56261,1000000000000010100
56087,1000000001000000000
56393,1000000001000000010
56015,10000000000000000000
56180,10000000000000000001
56182,10000000000000000010
56043,10000000000000001000
56346,10000000000000010000
56088,10000000010000000000
56269,10000000010000000001
56391,10000000010000000100
56392,10000000010000000101
56016,100000000000000000000
56183,100000000000000000100
56253,100000000000000010000
56124,100000000000000100000
56089,100000000100000000000
56267,100000000100000000001
56271,100000000100000001000
56275,100000000100000001010
56357,1000000000000000000000
56184,1000000000000000001000
56186,1000000000000000001001
56044,1000000000000000100000
56125,1000000000000001000000
56372,1000000001000000000000
56272,1000000001000000010000
56274,1000000001000000010001
56276,1000000001000000010100
56277,1000000001000000010101
56360,10000000000000000000000
56185,10000000000000000010000
56045,10000000000000001000000
56244,10000000000000001000001
56370,10000000010000000000000
56371,10000000010000000000001
56273,10000000010000000100000
56358,100000000000000000000000
56359,100000000000000000000001
56046,100000000000000010000000
56245,100000000000000010000010
56246,100000000000000010000011
56090,100000000100000000000000
56268,100000000100000000000010
56132,1000000000000000000000000
56017,1000000000000000000000010
56047,1000000000000000100000000
56247,1000000000000000100000110
56248,1000000000000000100000111
56018,10000000000000000000000100
56049,10000000000000001000000000
56188,10000000000000001000000001
56249,10000000000000001000001110
56020,100000000000000000000001000
56135,100000000000000000000001001
56050,100000000000000010000000000
56122,100000000000000010000000001
56187,100000000000000010000000010
56421,100000000000000010000011100
56019,1000000000000000000000010000
56133,1000000000000000000000010010
56048,1000000000000000100000000000
56250,1000000000000000100000111000
56021,10000000000000000000000100000
56141,10000000000000000000000100001
56134,10000000000000000000000100100
56051,10000000000000001000000000000
56190,10000000000000001000000000001
56422,10000000000000001000001110000
56022,100000000000000000000001000000
56030,100000000000000000000001000001
56142,100000000000000000000001000010
56136,100000000000000000000001001000
56140,100000000000000000000001001001
56052,100000000000000010000000000000
56189,100000000000000010000000000010
56252,100000000000000010000011100000
56365,1000000000000000000000010000000
56031,1000000000000000000000010000010
56033,1000000000000000000000010000011
56137,1000000000000000000000010010000
56139,1000000000000000000000010010001
56053,1000000000000000100000000000000
56243,1000000000000000100000000000001
56378,1000000000000000100000000000100
56251,1000000000000000100000111000000
56361,10000000000000000000000100000000
56362,10000000000000000000000100000001
56032,10000000000000000000000100000100
56108,10000000000000000000000100000101
56034,10000000000000000000000100000110
56138,10000000000000000000000100100000
56055,10000000000000001000000000000000
56376,10000000000000001000000000001000
56377,10000000000000001000000000001001
56429,100000000000000000000001000000000
56364,100000000000000000000001000000010
56109,100000000000000000000001000001010
56369,100000000000000000000001000001100
56054,100000000000000010000000000000000
56420,100000000000000010000000000000001
56212,100000000000000010000000000010000
56191,100000000000000010000000000010010
56428,1000000000000000000000010000000000
56430,1000000000000000000000010000000001
56363,1000000000000000000000010000000100
56366,1000000000000000000000010000000101
56110,1000000000000000000000010000010100
56368,1000000000000000000000010000011000
56056,1000000000000000100000000000000000
56241,1000000000000000100000000000000010
56381,1000000000000000100000000000100100
56023,10000000000000000000000100000000000
56431,10000000000000000000000100000000010
56432,10000000000000000000000100000000011
56367,10000000000000000000000100000001000
56340,10000000000000000000000100000001010
56112,10000000000000000000000100000101000
56179,10000000000000000000000100000110000
56057,10000000000000001000000000000000000
56213,10000000000000001000000000000000001
56242,10000000000000001000000000000000100
56379,10000000000000001000000000001001000
56380,10000000000000001000000000001001001
56024,100000000000000000000001000000000000
56151,100000000000000000000001000000000100
56152,100000000000000000000001000000000101
56153,100000000000000000000001000000010000
56111,100000000000000000000001000001010000
56095,100000000000000000000001000001100000
56096,100000000000000000000001000001100001
56058,100000000000000010000000000000000000
56192,100000000000000010000000000010010000
56195,100000000000000010000000000010010010
56026,1000000000000000000000010000000000000
56113,1000000000000000000000010000010100000
56035,1000000000000000000000010000011000000
56039,1000000000000000000000010000011000001
56097,1000000000000000000000010000011000010
56177,1000000000000000000000010000011000011
56059,1000000000000000100000000000000000000
56193,1000000000000000100000000000100100000
56211,1000000000000000100000000000100100001
56194,1000000000000000100000000000100100100
56025,10000000000000000000000100000000000000
56114,10000000000000000000000100000101000000
56038,10000000000000000000000100000110000000
56098,10000000000000000000000100000110000100
56175,10000000000000000000000100000110000101
56060,10000000000000001000000000000000000000
56068,10000000000000001000000000000000000001
56196,10000000000000001000000000001001001000
56204,10000000000000001000000000001001001001
56027,100000000000000000000001000000000000000
56115,100000000000000000000001000001010000000
56037,100000000000000000000001000001100000000
56099,100000000000000000000001000001100001000
56174,100000000000000000000001000001100001001
56176,100000000000000000000001000001100001010
56356,100000000000000010000000000000000000000
56069,100000000000000010000000000000000000010
56240,100000000000000010000000000000000000011
56198,100000000000000010000000000010010010000
56203,100000000000000010000000000010010010010
56028,1000000000000000000000010000000000000000
56143,1000000000000000000000010000000000000001
56036,1000000000000000000000010000011000000000
56100,1000000000000000000000010000011000010000
56155,1000000000000000000000010000011000010001
56063,1000000000000000100000000000000000000000
56070,1000000000000000100000000000000000000100
56235,1000000000000000100000000000000000000101
56199,1000000000000000100000000000100100100000
56205,1000000000000000100000000000100100100100
56029,10000000000000000000000100000000000000000
56146,10000000000000000000000100000000000000001
56144,10000000000000000000000100000000000000010
56178,10000000000000000000000100000110000000000
56101,10000000000000000000000100000110000100000
56161,10000000000000000000000100000110000100001
56154,10000000000000000000000100000110000100010
56061,10000000000000001000000000000000000000000
56071,10000000000000001000000000000000000001000
56214,10000000000000001000000000000000000001001
56236,10000000000000001000000000000000000001010
56238,10000000000000001000000000000000000001011
56197,10000000000000001000000000001001001000000
56145,100000000000000000000001000000000000000000
56339,100000000000000000000001000000000000000001
56147,100000000000000000000001000000000000000010
56102,100000000000000000000001000001100001000000
56159,100000000000000000000001000001100001000001
56164,100000000000000000000001000001100001000010
56167,100000000000000000000001000001100001000011
56156,100000000000000000000001000001100001000100
56062,100000000000000010000000000000000000000000
56072,100000000000000010000000000000000000010000
56091,100000000000000010000000000000000000010001
56237,100000000000000010000000000000000000010100
56239,100000000000000010000000000000000000010110
56382,100000000000000010000000000010010010000000
56148,1000000000000000000000010000000000000000100
56104,1000000000000000000000010000011000010000000
56162,1000000000000000000000010000011000010000100
56169,1000000000000000000000010000011000010000110
56173,1000000000000000000000010000011000010000111
56157,1000000000000000000000010000011000010001000
56158,1000000000000000000000010000011000010001001
56064,1000000000000000100000000000000000000000000
56073,1000000000000000100000000000000000000100000
56215,1000000000000000100000000000000000000100001
56092,1000000000000000100000000000000000000100010
56223,1000000000000000100000000000000000000100011
56383,1000000000000000100000000000100100100000000
56384,1000000000000000100000000000100100100000001
56149,10000000000000000000000100000000000000001000
56103,10000000000000000000000100000110000100000000
56163,10000000000000000000000100000110000100001000
56170,10000000000000000000000100000110000100001100
56066,10000000000000001000000000000000000000000000
56074,10000000000000001000000000000000000001000000
56220,10000000000000001000000000000000000001000001
56389,10000000000000001000000000000000000001000010
56093,10000000000000001000000000000000000001000100
56234,10000000000000001000000000000000000001000101
56224,10000000000000001000000000000000000001000110
56210,10000000000000001000000000001001001000000000
56200,10000000000000001000000000001001001000000010
56150,100000000000000000000001000000000000000010000
56106,100000000000000000000001000001100001000000000
56160,100000000000000000000001000001100001000000001
56165,100000000000000000000001000001100001000010000
56168,100000000000000000000001000001100001000011000
56067,100000000000000010000000000000000000000000000
56075,100000000000000010000000000000000000010000000
56221,100000000000000010000000000000000000010000010
56388,100000000000000010000000000000000000010000100
56390,100000000000000010000000000000000000010000101
56375,100000000000000010000000000000000000010001000
56222,100000000000000010000000000000000000010001100
56385,100000000000000010000000000010010010000000100
56107,1000000000000000000000010000011000010000000000
56166,1000000000000000000000010000011000010000100000
56171,1000000000000000000000010000011000010000110000
56172,1000000000000000000000010000011000010000110001
56065,1000000000000000100000000000000000000000000000
56076,1000000000000000100000000000000000000100000000
56216,1000000000000000100000000000000000000100001000
56217,1000000000000000100000000000000000000100001010
56373,1000000000000000100000000000000000000100010000
56374,1000000000000000100000000000000000000100010001
56225,1000000000000000100000000000000000000100011000
56227,1000000000000000100000000000000000000100011001
56386,1000000000000000100000000000100100100000001000
56387,1000000000000000100000000000100100100000001001
56105,10000000000000000000000100000110000100000000000
56077,10000000000000001000000000000000000001000000000
56219,10000000000000001000000000000000000001000000001
56231,10000000000000001000000000000000000001000100000
56094,10000000000000001000000000000000000001000100010
56226,10000000000000001000000000000000000001000110000
56228,10000000000000001000000000000000000001000110010
56230,10000000000000001000000000000000000001000110011
56201,10000000000000001000000000001001001000000010000
56206,10000000000000001000000000001001001000000010010
56218,100000000000000010000000000000000000010000000010
56232,100000000000000010000000000000000000010001000000
56341,100000000000000010000000000000000000010001000100
56229,100000000000000010000000000000000000010001100100
56202,100000000000000010000000000010010010000000100000
56207,100000000000000010000000000010010010000000100100
56233,1000000000000000100000000000000000000100010000000
56208,1000000000000000100000000000100100100000001001000
56209,10000000000000001000000000001001001000000010010000
