"rid", "binaryID"
30636,1
30635,10
29177,100
30634,101
29176,1000
30633,1010
30648,1011
29178,10000
29185,10100
30632,10101
30778,10110
29179,100000
29183,101000
29015,101010
30627,101011
30199,101100
29180,1000000
29184,1010000
29016,1010100
30628,1010110
29181,10000000
29014,10101000
29187,10101100
30629,10101101
29182,100000000
29017,101010000
30198,101010001
29186,101011000
29190,101011010
30630,101011011
28928,1010100000
29018,1010100001
30197,1010100010
29188,1010110000
29189,1010110001
29191,1010110100
28963,1010110110
30631,1010110111
28929,10101000000
29022,10101000010
30194,10101000011
30732,10101000100
28965,10101101100
28978,10101101110
30637,10101101111
28931,101010000000
29898,101010000001
29021,101010000100
30190,101010000101
30193,101010000110
28964,101011011000
28979,101011011100
30638,101011011110
28932,1010100000000
29895,1010100000001
29897,1010100000010
29020,1010100001000
29908,1010100001001
30191,1010100001010
30192,1010100001100
28962,1010110110000
29702,1010110110001
28981,1010110111000
29693,1010110111001
30640,1010110111100
30641,1010110111101
28930,10101000000000
29894,10101000000010
29896,10101000000100
29019,10101000010000
29910,10101000010001
29907,10101000010010
30195,10101000011000
30196,10101000011001
28967,10101101100000
29725,10101101100001
29701,10101101100010
28980,10101101110000
29660,10101101110001
29694,10101101110010
30639,10101101111000
29654,10101101111010
64285,10101101111011
28933,101010000000000
29728,101010000000001
29899,101010000001000
29023,101010000100000
30607,101010000100001
29909,101010000100010
28966,101011011000000
29724,101011011000010
28984,101011011100000
29686,101011011100001
29659,101011011100010
29692,101011011100100
29655,101011011110000
29656,101011011110001
29653,101011011110100
30642,101011011110110
30802,101011011110111
30994,1010100000000000
29900,1010100000010000
29024,1010100001000000
30606,1010100001000010
28968,1010110110000000
29726,1010110110000100
29727,1010110110000101
28982,1010110111000000
29685,1010110111000010
29695,1010110111001000
29698,1010110111001001
29657,1010110111100010
30644,1010110111101100
30671,1010110111101101
29652,1010110111101110
30803,1010110111101111
30995,10101000000000000
30996,10101000000000001
29901,10101000000100000
29904,10101000000100001
28892,10101000010000000
29025,10101000010000001
30716,10101000010000100
28969,10101101100000000
28985,10101101110000000
30973,10101101110000100
29696,10101101110010000
29697,10101101110010001
29699,10101101110010010
29700,10101101110010011
29658,10101101111000100
29193,10101101111011000
29195,10101101111011001
31028,10101101111011010
29651,10101101111011100
28993,10101101111011110
30643,10101101111011111
30993,101010000000000000
30713,101010000000000010
29902,101010000001000000
29903,101010000001000001
29905,101010000001000010
29906,101010000001000011
28893,101010000100000000
29030,101010000100001000
30123,101010000100001001
28970,101011011000000000
29703,101011011000000001
28983,101011011100000000
30971,101011011100001000
30972,101011011100001001
29192,101011011110110000
29194,101011011110110010
31029,101011011110110100
31030,101011011110110101
28992,101011011110111100
28998,101011011110111110
29352,101011011110111111
29893,1010100000000000000
30712,1010100000000000100
28894,1010100001000000000
29031,1010100001000010000
30187,1010100001000010001
28971,1010110110000000000
29704,1010110110000000001
28986,1010110111000000000
29661,1010110111000000001
29687,1010110111000010000
29689,1010110111000010010
29196,1010110111101100100
29197,1010110111101100101
29227,1010110111101101000
30617,1010110111101101010
28991,1010110111101111000
28997,1010110111101111100
29351,1010110111101111110
28934,10101000000000001000
29729,10101000000000001001
28895,10101000010000000000
29032,10101000010000100000
30186,10101000010000100001
30188,10101000010000100010
29723,10101101100000000000
28987,10101101110000000000
29682,10101101110000000001
29688,10101101110000100000
29691,10101101110000100001
29690,10101101110000100100
29199,10101101111011010100
29202,10101101111011010101
30932,10101101111011110000
29002,10101101111011111000
29229,10101101111011111001
28935,101010000000000010000
29793,101010000000000010001
29730,101010000000000010010
29734,101010000000000010011
28897,101010000100000000000
29082,101010000100000000001
29033,101010000100001000000
30124,101010000100001000001
30689,101010000100001000010
30777,101010000100001000011
30189,101010000100001000100
29722,101011011000000000000
28988,101011011100000000000
29679,101011011100000000001
29683,101011011100000000010
29684,101011011100000000011
29198,101011011110110101000
29203,101011011110110101010
30931,101011011110111100000
30933,101011011110111100001
29000,101011011110111110000
29235,101011011110111110001
29228,101011011110111110010
28936,1010100000000000100000
29792,1010100000000000100001
29794,1010100000000000100010
29812,1010100000000000100011
29731,1010100000000000100100
28896,1010100001000000000000
29083,1010100001000000000010
29034,1010100001000010000000
30185,1010100001000010000001
30125,1010100001000010000010
30127,1010100001000010000011
30182,1010100001000010000100
30184,1010100001000010000101
30183,1010100001000010000110
28972,1010110110000000000000
28989,1010110111000000000000
29678,1010110111000000000001
29680,1010110111000000000010
29681,1010110111000000000011
29200,1010110111101101010000
29209,1010110111101101010001
29204,1010110111101101010100
29208,1010110111101101010101
30929,1010110111101111000000
30930,1010110111101111000001
28994,1010110111101111000010
29004,1010110111101111100000
29349,1010110111101111100001
29234,1010110111101111100010
29230,1010110111101111100100
29232,1010110111101111100101
28937,10101000000000001000000
29735,10101000000000001000001
29795,10101000000000001000100
29890,10101000000000001000101
29733,10101000000000001001000
28898,10101000010000000000000
29081,10101000010000000000100
29035,10101000010000100000000
30131,10101000010000100000001
30130,10101000010000100000100
30776,10101000010000100000101
30128,10101000010000100000110
29721,10101101100000000000000
28990,10101101110000000000000
29662,10101101110000000000001
29201,10101101111011010100000
29210,10101101111011010100001
29138,10101101111011010101000
29205,10101101111011010101001
30927,10101101111011110000000
30928,10101101111011110000001
30705,10101101111011110000010
28995,10101101111011110000100
29354,10101101111011110000101
29005,10101101111011111000000
29348,10101101111011111000001
29350,10101101111011111000010
29231,10101101111011111001000
29233,10101101111011111001010
28938,101010000000000010000000
29740,101010000000000010000001
29736,101010000000000010000010
29739,101010000000000010000011
29797,101010000000000010001000
29813,101010000000000010001001
29891,101010000000000010001010
29892,101010000000000010001011
29732,101010000000000010010000
28900,101010000100000000000000
29084,101010000100000000001000
30122,101010000100000000001001
29036,101010000100001000000000
30134,101010000100001000000001
30132,101010000100001000000010
30133,101010000100001000000011
30129,101010000100001000001100
28973,101011011000000000000000
29663,101011011100000000000010
29211,101011011110110101000010
29219,101011011110110101000011
29206,101011011110110101010010
29649,101011011110111100000000
29650,101011011110111100000010
30704,101011011110111100000100
28996,101011011110111100001000
29353,101011011110111100001001
29355,101011011110111100001010
29356,101011011110111100001011
29001,101011011110111110000000
29345,101011011110111110000001
29347,101011011110111110000010
29778,1010100000000000100000000
30670,1010100000000000100000001
29741,1010100000000000100000010
29742,1010100000000000100000011
29737,1010100000000000100000100
29738,1010100000000000100000101
29796,1010100000000000100010000
29815,1010100000000000100010010
28901,1010100001000000000000000
29085,1010100001000000000010000
30119,1010100001000000000010001
29037,1010100001000010000000000
30137,1010100001000010000000001
30135,1010100001000010000000010
30136,1010100001000010000000011
28974,1010110110000000000000000
29720,1010110110000000000000001
29664,1010110111000000000000100
29668,1010110111000000000000101
29212,1010110111101101010000100
29225,1010110111101101010000101
29207,1010110111101101010100100
29648,1010110111101111000001000
30758,1010110111101111000001001
29357,1010110111101111000010110
29366,1010110111101111000010111
29003,1010110111101111100000000
29344,1010110111101111100000001
29346,1010110111101111100000010
29779,10101000000000001000000000
30714,10101000000000001000000010
29743,10101000000000001000000110
29744,10101000000000001000000111
29798,10101000000000001000100000
29888,10101000000000001000100001
29814,10101000000000001000100100
28899,10101000010000000000000000
29086,10101000010000000000100000
30118,10101000010000000000100001
30120,10101000010000000000100010
30121,10101000010000000000100011
29038,10101000010000100000000000
30171,10101000010000100000000001
30138,10101000010000100000000010
30140,10101000010000100000000011
29719,10101101100000000000000000
29665,10101101110000000000001000
29669,10101101110000000000001001
29213,10101101111011010100001000
29220,10101101111011010100001001
29224,10101101111011010100001010
29647,10101101111011110000010000
30757,10101101111011110000010010
29358,10101101111011110000101100
29379,10101101111011110000101101
28999,10101101111011111000000000
29343,10101101111011111000000010
29777,101010000000000010000000000
30618,101010000000000010000000100
29799,101010000000000010001000000
29821,101010000000000010001000001
29889,101010000000000010001000010
29816,101010000000000010001001000
29820,101010000000000010001001001
28902,101010000100000000000000000
30115,101010000100000000000000001
29087,101010000100000000001000000
30117,101010000100000000001000001
29039,101010000100001000000000000
30164,101010000100001000000000001
30172,101010000100001000000000010
30175,101010000100001000000000011
30139,101010000100001000000000100
30141,101010000100001000000000101
28975,101011011000000000000000000
29666,101011011100000000000010000
29670,101011011100000000000010010
29673,101011011100000000000010011
29214,101011011110110101000010000
29226,101011011110110101000010100
30756,101011011110111100000100100
29360,101011011110111100001011000
29367,101011011110111100001011001
29006,101011011110111110000000000
29237,101011011110111110000000001
29780,1010100000000000100000000000
29785,1010100000000000100000000001
28939,1010100000000000100000001000
29800,1010100000000000100010000000
29823,1010100000000000100010000001
29822,1010100000000000100010000010
29817,1010100000000000100010010000
28903,1010100001000000000000000000
30113,1010100001000000000000000001
29088,1010100001000000000010000000
30116,1010100001000000000010000001
29040,1010100001000010000000000000
30142,1010100001000010000000000001
30165,1010100001000010000000000010
30170,1010100001000010000000000011
30173,1010100001000010000000000100
30177,1010100001000010000000000101
30926,1010110110000000000000000000
29667,1010110111000000000000100000
29671,1010110111000000000000100100
29675,1010110111000000000000100101
29215,1010110111101101010000100000
29380,1010110111101111000001001000
29384,1010110111101111000001001001
29361,1010110111101111000010110000
29368,1010110111101111000010110010
29369,1010110111101111000010110011
29008,1010110111101111100000000000
29338,1010110111101111100000000001
29238,1010110111101111100000000010
29781,10101000000000001000000000000
29784,10101000000000001000000000001
29788,10101000000000001000000000010
30610,10101000000000001000000010000
29802,10101000000000001000100000000
29825,10101000000000001000100000010
29819,10101000000000001000100100000
30887,10101000010000000000000000000
30114,10101000010000000000000000010
29041,10101000010000100000000000000
30151,10101000010000100000000000001
30143,10101000010000100000000000010
30148,10101000010000100000000000011
30166,10101000010000100000000000100
30169,10101000010000100000000000101
30174,10101000010000100000000001000
30176,10101000010000100000000001001
30178,10101000010000100000000001010
30924,10101101100000000000000000000
30925,10101101100000000000000000001
29672,10101101110000000000001001000
29674,10101101110000000000001001001
29676,10101101110000000000001001010
29677,10101101110000000000001001011
29216,10101101111011010100001000000
29223,10101101111011010100001000001
29381,10101101111011110000010010000
29385,10101101111011110000010010001
29359,10101101111011110000101100000
29370,10101101111011110000101100110
29376,10101101111011110000101100111
29007,10101101111011111000000000000
29337,10101101111011111000000000010
29236,10101101111011111000000000100
29782,101010000000000010000000000000
30609,101010000000000010000000100000
30715,101010000000000010000000100001
29803,101010000000000010001000000000
29826,101010000000000010001000000100
29818,101010000000000010001001000000
30885,101010000100000000000000000000
30886,101010000100000000000000000001
29042,101010000100001000000000000000
30163,101010000100001000000000000001
30144,101010000100001000000000000100
30146,101010000100001000000000000101
30149,101010000100001000000000000110
30167,101010000100001000000000001000
30168,101010000100001000000000001001
30179,101010000100001000000000010100
29705,101011011000000000000000000000
30923,101011011000000000000000000010
29217,101011011110110101000010000000
29222,101011011110110101000010000001
29406,101011011110111100000100100000
30762,101011011110111100000100100001
29386,101011011110111100000100100010
29394,101011011110111100000100100011
29362,101011011110111100001011000000
30755,101011011110111100001011000001
29372,101011011110111100001011001100
29375,101011011110111100001011001110
29009,101011011110111110000000000000
29244,101011011110111110000000000001
29339,101011011110111110000000000100
29340,101011011110111110000000000101
29240,101011011110111110000000001000
29243,101011011110111110000000001001
29783,1010100000000000100000000000000
28942,1010100000000000100000001000010
29775,1010100000000000100000001000011
29801,1010100000000000100010000000000
29827,1010100000000000100010000001000
30883,1010100001000000000000000000000
30884,1010100001000000000000000000001
29911,1010100001000000000000000000010
29043,1010100001000010000000000000000
30162,1010100001000010000000000000001
30145,1010100001000010000000000001000
30147,1010100001000010000000000001001
30150,1010100001000010000000000001100
30180,1010100001000010000000000101000
29706,1010110110000000000000000000000
29709,1010110110000000000000000000001
28977,1010110110000000000000000000100
29218,1010110111101101010000100000000
29221,1010110111101101010000100000001
30761,1010110111101111000001001000010
29387,1010110111101111000001001000100
29405,1010110111101111000001001000101
29363,1010110111101111000010110000000
29378,1010110111101111000010110000001
30753,1010110111101111000010110000010
29371,1010110111101111000010110011000
29010,1010110111101111100000000000000
29336,1010110111101111100000000000001
29245,1010110111101111100000000000010
29268,1010110111101111100000000000011
29342,1010110111101111100000000001010
29239,1010110111101111100000000010000
28944,10101000000000001000000010000100
29776,10101000000000001000000010000110
29804,10101000000000001000100000000000
29834,10101000000000001000100000000001
29828,10101000000000001000100000010000
28904,10101000010000000000000000000000
29912,10101000010000000000000000000010
29044,10101000010000100000000000000000
30161,10101000010000100000000000000001
30181,10101000010000100000000001010000
29707,10101101100000000000000000000000
29708,10101101100000000000000000000001
29711,10101101100000000000000000000010
28976,10101101100000000000000000001000
30763,10101101111011110000010010000100
29388,10101101111011110000010010001000
29401,10101101111011110000010010001001
29365,10101101111011110000101100000000
29377,10101101111011110000101100000001
30754,10101101111011110000101100000100
29373,10101101111011110000101100110000
29374,10101101111011110000101100110001
29011,10101101111011111000000000000000
29270,10101101111011111000000000000001
29246,10101101111011111000000000000100
29341,10101101111011111000000000010100
29242,10101101111011111000000000100000
28940,101010000000000010000000100001000
29805,101010000000000010001000000000000
29835,101010000000000010001000000000001
31066,101010000000000010001000000000010
29829,101010000000000010001000000100000
28906,101010000100000000000000000000000
29045,101010000100001000000000000000000
29710,101011011000000000000000000000100
30697,101011011000000000000000000010000
30731,101011011000000000000000000010001
30759,101011011110111100000100100001000
30936,101011011110111100000100100010000
29404,101011011110111100000100100010010
30764,101011011110111100000100100010011
29364,101011011110111100001011000000000
29012,101011011110111110000000000000000
29324,101011011110111110000000000000001
29269,101011011110111110000000000000010
29247,101011011110111110000000000001000
29241,101011011110111110000000001000000
28945,1010100000000000100000001000010000
29806,1010100000000000100010000000000000
29872,1010100000000000100010000000000001
29836,1010100000000000100010000000000010
29839,1010100000000000100010000000000011
30989,1010100000000000100010000000000100
29830,1010100000000000100010000001000000
28905,1010100001000000000000000000000000
29046,1010100001000010000000000000000000
29712,1010110110000000000000000000001000
30608,1010110110000000000000000000100000
30730,1010110110000000000000000000100010
30760,1010110111101111000001001000010000
30934,1010110111101111000001001000100000
30935,1010110111101111000001001000100001
29402,1010110111101111000001001000100110
29013,1010110111101111100000000000000000
29335,1010110111101111100000000000000001
29325,1010110111101111100000000000000010
29334,1010110111101111100000000000000011
29271,1010110111101111100000000000000100
29323,1010110111101111100000000000000101
29248,1010110111101111100000000000010000
29264,1010110111101111100000000000010001
28943,10101000000000001000000010000100000
29807,10101000000000001000100000000000000
29852,10101000000000001000100000000000001
29873,10101000000000001000100000000000010
29875,10101000000000001000100000000000011
29837,10101000000000001000100000000000100
29846,10101000000000001000100000000000101
29840,10101000000000001000100000000000110
30987,10101000000000001000100000000001000
30988,10101000000000001000100000000001001
28907,10101000010000000000000000000000000
29062,10101000010000000000000000000000001
29047,10101000010000100000000000000000000
30158,10101000010000100000000000000000001
29713,10101101100000000000000000000010000
29717,10101101100000000000000000000010001
30696,10101101100000000000000000001000000
30798,10101101100000000000000000001000001
30729,10101101100000000000000000001000100
29137,10101101111011110000010010000100000
30699,10101101111011110000010010000100001
29395,10101101111011110000010010001000000
29389,10101101111011110000010010001000010
29403,10101101111011110000010010001001100
29326,10101101111011111000000000000000100
29330,10101101111011111000000000000000101
29272,10101101111011111000000000000001000
29280,10101101111011111000000000000001001
29249,10101101111011111000000000000100000
29253,10101101111011111000000000000100001
29262,10101101111011111000000000000100010
28941,101010000000000010000000100001000000
29808,101010000000000010001000000000000000
29858,101010000000000010001000000000000001
29853,101010000000000010001000000000000010
29874,101010000000000010001000000000000100
29876,101010000000000010001000000000000110
29877,101010000000000010001000000000000111
30990,101010000000000010001000000000001000
29847,101010000000000010001000000000001010
29841,101010000000000010001000000000001100
29824,101010000000000010001000000000010000
29831,101010000000000010001000000000010010
28909,101010000100000000000000000000000000
29063,101010000100000000000000000000000010
29049,101010000100001000000000000000000000
30157,101010000100001000000000000000000001
30159,101010000100001000000000000000000010
30160,101010000100001000000000000000000011
29714,101011011000000000000000000000100000
30544,101011011000000000000000000010000010
30799,101011011000000000000000000010000011
29382,101011011110111100000100100001000010
29645,101011011110111100000100100001000011
29390,101011011110111100000100100010000100
29400,101011011110111100000100100010000101
29327,101011011110111110000000000000001000
29331,101011011110111110000000000000001001
29329,101011011110111110000000000000001010
29273,101011011110111110000000000000010000
29281,101011011110111110000000000000010001
29250,101011011110111110000000000001000000
29254,101011011110111110000000000001000010
29265,101011011110111110000000000001000100
28946,1010100000000000100000001000010000000
29774,1010100000000000100000001000010000001
29809,1010100000000000100010000000000000000
29871,1010100000000000100010000000000000001
29854,1010100000000000100010000000000000100
29878,1010100000000000100010000000000001110
29881,1010100000000000100010000000000001111
30991,1010100000000000100010000000000010000
30992,1010100000000000100010000000000010001
29848,1010100000000000100010000000000010100
29786,1010100000000000100010000000000100000
29832,1010100000000000100010000000000100100
29833,1010100000000000100010000000000100101
28908,1010100001000000000000000000000000000
29061,1010100001000000000000000000000000100
29050,1010100001000010000000000000000000000
29715,1010110110000000000000000000001000000
30542,1010110110000000000000000000100000100
30800,1010110110000000000000000000100000110
29383,1010110111101111000001001000010000100
29407,1010110111101111000001001000010000101
29646,1010110111101111000001001000010000110
29391,1010110111101111000001001000100001000
29398,1010110111101111000001001000100001001
29328,1010110111101111100000000000000010000
29333,1010110111101111100000000000000010001
29332,1010110111101111100000000000000010010
29274,1010110111101111100000000000000100000
29282,1010110111101111100000000000000100010
29252,1010110111101111100000000000010000000
29255,1010110111101111100000000000010000100
29263,1010110111101111100000000000010001000
28947,10101000000000001000000010000100000000
29773,10101000000000001000000010000100000001
30977,10101000000000001000100000000000000000
29851,10101000000000001000100000000000001000
29879,10101000000000001000100000000000011100
29883,10101000000000001000100000000000011101
29843,10101000000000001000100000000000100000
29838,10101000000000001000100000000000100010
29842,10101000000000001000100000000000100011
29850,10101000000000001000100000000000101000
29787,10101000000000001000100000000001000000
29789,10101000000000001000100000000001000001
30890,10101000010000000000000000000000000000
29064,10101000010000000000000000000000001000
29913,10101000010000000000000000000000001001
29048,10101000010000100000000000000000000000
29716,10101101100000000000000000000010000000
29718,10101101100000000000000000000010000001
30543,10101101100000000000000000001000001000
30700,10101101111011110000010010000100001000
30766,10101101111011110000010010000100001001
29408,10101101111011110000010010000100001010
29641,10101101111011110000010010000100001011
29644,10101101111011110000010010000100001100
30939,10101101111011110000010010001000010000
29399,10101101111011110000010010001000010010
29275,10101101111011111000000000000001000000
29322,10101101111011111000000000000001000001
29283,10101101111011111000000000000001000100
29251,10101101111011111000000000000100000000
29258,10101101111011111000000000000100001000
29259,10101101111011111000000000000100001001
29266,10101101111011111000000000000100010000
29267,10101101111011111000000000000100010001
28948,101010000000000010000000100001000000000
29745,101010000000000010000000100001000000001
30976,101010000000000010001000000000000000000
30978,101010000000000010001000000000000000001
29855,101010000000000010001000000000000010000
29880,101010000000000010001000000000000111000
29882,101010000000000010001000000000000111001
29884,101010000000000010001000000000000111010
29886,101010000000000010001000000000000111011
29844,101010000000000010001000000000001000000
29845,101010000000000010001000000000001000001
29849,101010000000000010001000000000001010000
29130,101010000000000010001000000000010000000
29791,101010000000000010001000000000010000001
29790,101010000000000010001000000000010000010
30888,101010000100000000000000000000000000000
30889,101010000100000000000000000000000000001
29065,101010000100000000000000000000000010000
29914,101010000100000000000000000000000010001
29051,101010000100001000000000000000000000000
30156,101010000100001000000000000000000000001
31018,101011011000000000000000000010000010000
29503,101011011110111100000100100001000010000
29590,101011011110111100000100100001000010001
29409,101011011110111100000100100001000010100
29640,101011011110111100000100100001000010101
29642,101011011110111100000100100001000010110
30937,101011011110111100000100100010000100000
30938,101011011110111100000100100010000100001
29276,101011011110111110000000000000010000000
29284,101011011110111110000000000000010001000
29256,101011011110111110000000000001000010000
29260,101011011110111110000000000001000010010
28949,1010100000000000100000001000010000000000
29772,1010100000000000100000001000010000000001
30974,1010100000000000100010000000000000000000
30975,1010100000000000100010000000000000000001
30979,1010100000000000100010000000000000000010
30980,1010100000000000100010000000000000000011
29856,1010100000000000100010000000000000100000
29885,1010100000000000100010000000000001110100
29887,1010100000000000100010000000000001110110
31022,1010100000000000100010000000000100000000
30097,1010100001000000000000000000000000000000
28910,1010100001000000000000000000000000000010
29066,1010100001000000000000000000000000100000
29950,1010100001000000000000000000000000100001
29052,1010100001000010000000000000000000000000
30152,1010100001000010000000000000000000000001
31016,1010110110000000000000000000100000100000
31017,1010110110000000000000000000100000100001
29502,1010110111101111000001001000010000100000
29593,1010110111101111000001001000010000100001
29591,1010110111101111000001001000010000100010
29592,1010110111101111000001001000010000100011
29410,1010110111101111000001001000010000101000
29639,1010110111101111000001001000010000101001
29643,1010110111101111000001001000010000101100
29397,1010110111101111000001001000100001000000
29392,1010110111101111000001001000100001000010
29277,1010110111101111100000000000000100000000
30749,1010110111101111100000000000000100010000
29257,1010110111101111100000000000010000100000
29261,1010110111101111100000000000010000100100
28950,10101000000000001000000010000100000000000
29746,10101000000000001000000010000100000000001
29870,10101000000000001000100000000000000000000
30981,10101000000000001000100000000000000000010
30986,10101000000000001000100000000000000000011
29861,10101000000000001000100000000000000000100
29859,10101000000000001000100000000000000000110
29857,10101000000000001000100000000000001000000
31023,10101000000000001000100000000001000000000
31024,10101000000000001000100000000001000000001
30098,10101000010000000000000000000000000000000
30104,10101000010000000000000000000000000000001
28912,10101000010000000000000000000000000000100
29067,10101000010000000000000000000000001000000
29915,10101000010000000000000000000000001000001
29053,10101000010000100000000000000000000000000
30155,10101000010000100000000000000000000000001
30552,10101101100000000000000000001000001000000
30549,10101101100000000000000000001000001000010
29501,10101101111011110000010010000100001000000
29594,10101101111011110000010010000100001000001
29411,10101101111011110000010010000100001010000
29638,10101101111011110000010010000100001010001
29600,10101101111011110000010010000100001010010
29601,10101101111011110000010010000100001010011
29393,10101101111011110000010010001000010000100
29396,10101101111011110000010010001000010000101
29278,10101101111011111000000000000001000000000
29320,10101101111011111000000000000001000000001
30750,10101101111011111000000000000001000100000
28951,101010000000000010000000100001000000000000
29759,101010000000000010000000100001000000000001
29747,101010000000000010000000100001000000000010
29751,101010000000000010000000100001000000000011
30982,101010000000000010001000000000000000000100
30983,101010000000000010001000000000000000000101
30984,101010000000000010001000000000000000000110
30985,101010000000000010001000000000000000000111
29862,101010000000000010001000000000000000001000
29860,101010000000000010001000000000000000001100
29126,101010000000000010001000000000010000000000
29128,101010000000000010001000000000010000000010
30099,101010000100000000000000000000000000000000
30112,101010000100000000000000000000000000000001
30105,101010000100000000000000000000000000000010
28911,101010000100000000000000000000000000001000
29068,101010000100000000000000000000000010000000
29949,101010000100000000000000000000000010000001
29916,101010000100000000000000000000000010000010
29917,101010000100000000000000000000000010000011
29054,101010000100001000000000000000000000000000
30153,101010000100001000000000000000000000000001
30550,101011011000000000000000000010000010000100
29500,101011011110111100000100100001000010000000
30667,101011011110111100000100100001000010000001
29412,101011011110111100000100100001000010100000
29423,101011011110111100000100100001000010100001
29599,101011011110111100000100100001000010100100
29607,101011011110111100000100100001000010100101
29603,101011011110111100000100100001000010100110
29313,101011011110111110000000000000010000000000
30664,101011011110111110000000000000010000000001
29321,101011011110111110000000000000010000000010
30751,101011011110111110000000000000010001000000
28952,1010100000000000100000001000010000000000000
29760,1010100000000000100000001000010000000000010
29767,1010100000000000100000001000010000000000011
29748,1010100000000000100000001000010000000000100
29749,1010100000000000100000001000010000000000101
29863,1010100000000000100010000000000000000001000
29864,1010100000000000100010000000000000000001010
29810,1010100000000000100010000000000000000001100
29869,1010100000000000100010000000000000000001110
29127,1010100000000000100010000000000100000000000
29129,1010100000000000100010000000000100000000100
30100,1010100001000000000000000000000000000000000
30106,1010100001000000000000000000000000000000100
29951,1010100001000000000000000000000000000010000
30688,1010100001000000000000000000000000000010001
29069,1010100001000000000000000000000000100000000
29948,1010100001000000000000000000000000100000001
29918,1010100001000000000000000000000000100000110
29919,1010100001000000000000000000000000100000111
30154,1010100001000010000000000000000000000000010
30551,1010110110000000000000000000100000100001000
29498,1010110111101111000001001000010000100000000
29499,1010110111101111000001001000010000100000001
30669,1010110111101111000001001000010000100000010
29413,1010110111101111000001001000010000101000000
29460,1010110111101111000001001000010000101000001
29598,1010110111101111000001001000010000101001000
29608,1010110111101111000001001000010000101001001
29604,1010110111101111000001001000010000101001100
30748,1010110111101111100000000000000100000000010
30663,1010110111101111100000000000000100000000100
30752,1010110111101111100000000000000100010000000
28953,10101000000000001000000010000100000000000000
30590,10101000000000001000000010000100000000000001
29761,10101000000000001000000010000100000000000100
29768,10101000000000001000000010000100000000000101
29750,10101000000000001000000010000100000000001010
29865,10101000000000001000100000000000000000011000
30690,10101000000000001000100000000000000000011001
29125,10101000000000001000100000000001000000000000
30101,10101000010000000000000000000000000000000000
30107,10101000010000000000000000000000000000000001
29952,10101000010000000000000000000000000000100000
29953,10101000010000000000000000000000000000100001
29026,10101000010000000000000000000000000000100010
30709,10101000010000000000000000000000000000100011
29070,10101000010000000000000000000000001000000000
29947,10101000010000000000000000000000001000000001
30546,10101101100000000000000000001000001000010000
29494,10101101111011110000010010000100001000000000
29495,10101101111011110000010010000100001000000001
30668,10101101111011110000010010000100001000000100
29414,10101101111011110000010010000100001010000000
29459,10101101111011110000010010000100001010000001
29461,10101101111011110000010010000100001010000010
29637,10101101111011110000010010000100001010000011
29597,10101101111011110000010010000100001010010000
29606,10101101111011110000010010000100001010010001
29609,10101101111011110000010010000100001010010010
29612,10101101111011110000010010000100001010010011
29602,10101101111011110000010010000100001010011000
30665,10101101111011111000000000000001000000000100
29288,10101101111011111000000000000001000100000000
30650,10101101111011111000000000000001000100000001
28954,101010000000000010000000100001000000000000000
29755,101010000000000010000000100001000000000000001
29123,101010000000000010000000100001000000000000010
30591,101010000000000010000000100001000000000000011
29764,101010000000000010000000100001000000000001000
29771,101010000000000010000000100001000000000001001
29769,101010000000000010000000100001000000000001010
29770,101010000000000010000000100001000000000001011
29866,101010000000000010001000000000000000000110000
30649,101010000000000010001000000000000000000110010
30770,101010000000000010001000000000000000000110011
30110,101010000100000000000000000000000000000000000
30601,101010000100000000000000000000000000000000001
29027,101010000100000000000000000000000000001000100
30094,101010000100000000000000000000000000001000101
30711,101010000100000000000000000000000000001000110
29071,101010000100000000000000000000000010000000000
29944,101010000100000000000000000000000010000000001
30545,101011011000000000000000000010000010000100000
29492,101011011110111100000100100001000010000000000
29493,101011011110111100000100100001000010000000001
29496,101011011110111100000100100001000010000000010
30767,101011011110111100000100100001000010000001000
29415,101011011110111100000100100001000010100000000
29446,101011011110111100000100100001000010100000001
29462,101011011110111100000100100001000010100000100
29464,101011011110111100000100100001000010100000101
30698,101011011110111100000100100001000010100000110
30765,101011011110111100000100100001000010100000111
30968,101011011110111100000100100001000010100100000
29610,101011011110111100000100100001000010100100100
29611,101011011110111100000100100001000010100100101
29605,101011011110111100000100100001000010100110000
29279,101011011110111110000000000000010000000001000
29314,101011011110111110000000000000010000000001001
29287,101011011110111110000000000000010001000000000
29289,101011011110111110000000000000010001000000001
30651,101011011110111110000000000000010001000000010
28955,1010100000000000100000001000010000000000000000
29754,1010100000000000100000001000010000000000000001
29756,1010100000000000100000001000010000000000000010
29758,1010100000000000100000001000010000000000000011
30804,1010100000000000100000001000010000000000000100
29766,1010100000000000100000001000010000000000010000
29811,1010100000000000100010000000000000000001100110
29867,1010100000000000100010000000000000000001100111
30111,1010100001000000000000000000000000000000000000
30600,1010100001000000000000000000000000000000000010
29028,1010100001000000000000000000000000000010001000
30093,1010100001000000000000000000000000000010001001
30095,1010100001000000000000000000000000000010001010
30096,1010100001000000000000000000000000000010001011
30707,1010100001000000000000000000000000000010001100
29072,1010100001000000000000000000000000100000000000
29920,1010100001000000000000000000000000100000000001
29945,1010100001000000000000000000000000100000000010
29946,1010100001000000000000000000000000100000000011
30548,1010110110000000000000000000100000100001000000
30951,1010110111101111000001001000010000100000000000
29497,1010110111101111000001001000010000100000000100
30666,1010110111101111000001001000010000100000010000
29416,1010110111101111000001001000010000101000000000
29443,1010110111101111000001001000010000101000000001
29447,1010110111101111000001001000010000101000000010
29451,1010110111101111000001001000010000101000000011
29463,1010110111101111000001001000010000101000001000
29465,1010110111101111000001001000010000101000001010
29471,1010110111101111000001001000010000101000001011
30943,1010110111101111000001001000010000101000001100
30969,1010110111101111000001001000010000101001000000
30970,1010110111101111000001001000010000101001000001
29315,1010110111101111100000000000000100000000010010
29318,1010110111101111100000000000000100000000010011
29286,1010110111101111100000000000000100010000000000
29301,1010110111101111100000000000000100010000000001
29291,1010110111101111100000000000000100010000000010
29300,1010110111101111100000000000000100010000000011
28956,10101000000000001000000010000100000000000000000
29757,10101000000000001000000010000100000000000000100
29122,10101000000000001000000010000100000000000001000
29762,10101000000000001000000010000100000000000100000
29868,10101000000000001000100000000000000000011001110
30775,10101000010000000000000000000000000000000000100
29029,10101000010000000000000000000000000000100010000
30092,10101000010000000000000000000000000000100010001
30091,10101000010000000000000000000000000000100011000
30708,10101000010000000000000000000000000000100011001
29073,10101000010000000000000000000000001000000000000
29937,10101000010000000000000000000000001000000000001
29921,10101000010000000000000000000000001000000000010
29922,10101000010000000000000000000000001000000000011
30547,10101101100000000000000000001000001000010000000
30950,10101101111011110000010010000100001000000000000
29504,10101101111011110000010010000100001000000100000
29417,10101101111011110000010010000100001010000000000
29425,10101101111011110000010010000100001010000000001
29444,10101101111011110000010010000100001010000000010
29445,10101101111011110000010010000100001010000000011
29448,10101101111011110000010010000100001010000000100
29452,10101101111011110000010010000100001010000000110
29466,10101101111011110000010010000100001010000010100
29472,10101101111011110000010010000100001010000010110
30944,10101101111011110000010010000100001010000011000
30945,10101101111011110000010010000100001010000011001
29596,10101101111011110000010010000100001010010000000
29316,10101101111011111000000000000001000000000100100
29319,10101101111011111000000000000001000000000100101
29317,10101101111011111000000000000001000000000100110
29285,10101101111011111000000000000001000100000000000
29306,10101101111011111000000000000001000100000000001
29303,10101101111011111000000000000001000100000000010
29290,10101101111011111000000000000001000100000000100
28960,101010000000000010000000100001000000000000000000
29765,101010000000000010000000100001000000000001000000
30102,101010000100000000000000000000000000000000001000
30109,101010000100000000000000000000000000000000001001
30090,101010000100000000000000000000000000001000110000
30710,101010000100000000000000000000000000001000110010
29074,101010000100000000000000000000000010000000000000
29925,101010000100000000000000000000000010000000000001
29938,101010000100000000000000000000000010000000000010
29943,101010000100000000000000000000000010000000000011
29923,101010000100000000000000000000000010000000000110
29924,101010000100000000000000000000000010000000000111
30948,101011011110111100000100100001000010000000000000
30949,101011011110111100000100100001000010000000000001
29505,101011011110111100000100100001000010000001000000
29418,101011011110111100000100100001000010100000000000
29442,101011011110111100000100100001000010100000000001
29424,101011011110111100000100100001000010100000000010
29449,101011011110111100000100100001000010100000001000
29453,101011011110111100000100100001000010100000001100
29467,101011011110111100000100100001000010100000101000
29474,101011011110111100000100100001000010100000101001
29473,101011011110111100000100100001000010100000101100
30942,101011011110111100000100100001000010100000110000
30947,101011011110111100000100100001000010100000110001
30946,101011011110111100000100100001000010100000110010
29595,101011011110111100000100100001000010100100000000
29312,101011011110111110000000000000010001000000000000
29307,101011011110111110000000000000010001000000000010
29302,101011011110111110000000000000010001000000000100
29292,101011011110111110000000000000010001000000001000
28957,1010100000000000100000001000010000000000000000000
29763,1010100000000000100000001000010000000000010000000
30103,1010100001000000000000000000000000000000000010000
30108,1010100001000000000000000000000000000000000010001
28913,1010100001000000000000000000000000000010001100100
30089,1010100001000000000000000000000000000010001100101
29075,1010100001000000000000000000000000100000000000000
29926,1010100001000000000000000000000000100000000000001
29939,1010100001000000000000000000000000100000000000100
29941,1010100001000000000000000000000000100000000000101
29622,1010110111101111000001001000010000100000000000000
29613,1010110111101111000001001000010000100000000000010
29506,1010110111101111000001001000010000100000010000000
29588,1010110111101111000001001000010000100000010000001
29419,1010110111101111000001001000010000101000000000000
29430,1010110111101111000001001000010000101000000000001
29450,1010110111101111000001001000010000101000000010000
29454,1010110111101111000001001000010000101000000011000
29455,1010110111101111000001001000010000101000000011001
29475,1010110111101111000001001000010000101000001010010
29476,1010110111101111000001001000010000101000001010011
29470,1010110111101111000001001000010000101000001100000
29623,1010110111101111000001001000010000101000001100010
29487,1010110111101111000001001000010000101000001100100
29309,1010110111101111100000000000000100010000000000100
29304,1010110111101111100000000000000100010000000001000
29305,1010110111101111100000000000000100010000000001001
29293,1010110111101111100000000000000100010000000010000
28958,10101000000000001000000010000100000000000000000000
28914,10101000010000000000000000000000000000100011001000
29954,10101000010000000000000000000000000000100011001001
30087,10101000010000000000000000000000000000100011001010
29076,10101000010000000000000000000000001000000000000000
29927,10101000010000000000000000000000001000000000000001
29940,10101000010000000000000000000000001000000000001000
29942,10101000010000000000000000000000001000000000001001
29614,10101101111011110000010010000100001000000000000100
29507,10101101111011110000010010000100001000000100000000
29509,10101101111011110000010010000100001000000100000001
29589,10101101111011110000010010000100001000000100000010
29420,10101101111011110000010010000100001010000000000000
29427,10101101111011110000010010000100001010000000000001
29431,10101101111011110000010010000100001010000000000010
29438,10101101111011110000010010000100001010000000000011
29456,10101101111011110000010010000100001010000000110010
29477,10101101111011110000010010000100001010000010100110
29469,10101101111011110000010010000100001010000011000000
29480,10101101111011110000010010000100001010000011000001
29624,10101101111011110000010010000100001010000011000100
29627,10101101111011110000010010000100001010000011000101
29489,10101101111011110000010010000100001010000011001000
29311,10101101111011111000000000000001000100000000001000
29294,10101101111011111000000000000001000100000000100000
28959,101010000000000010000000100001000000000000000000000
28915,101010000100000000000000000000000000001000110010000
30088,101010000100000000000000000000000000001000110010100
29079,101010000100000000000000000000000010000000000000000
29928,101010000100000000000000000000000010000000000000001
29615,101011011110111100000100100001000010000000000001000
29508,101011011110111100000100100001000010000001000000000
30953,101011011110111100000100100001000010000001000000010
29421,101011011110111100000100100001000010100000000000000
29429,101011011110111100000100100001000010100000000000010
29432,101011011110111100000100100001000010100000000000100
29439,101011011110111100000100100001000010100000000000110
29440,101011011110111100000100100001000010100000000000111
29458,101011011110111100000100100001000010100000001100100
29468,101011011110111100000100100001000010100000110000000
29478,101011011110111100000100100001000010100000110000001
29481,101011011110111100000100100001000010100000110000010
29485,101011011110111100000100100001000010100000110000011
29625,101011011110111100000100100001000010100000110001000
29628,101011011110111100000100100001000010100000110001010
29490,101011011110111100000100100001000010100000110010000
29310,101011011110111110000000000000010001000000000010000
29295,101011011110111110000000000000010001000000001000000
30922,1010100000000000100000001000010000000000000000000000
28916,1010100001000000000000000000000000000010001100100000
29077,1010100001000000000000000000000000100000000000000000
29929,1010100001000000000000000000000000100000000000000010
29933,1010100001000000000000000000000000100000000000000011
29616,1010110111101111000001001000010000100000000000010000
29618,1010110111101111000001001000010000100000000000010001
30952,1010110111101111000001001000010000100000010000000100
30954,1010110111101111000001001000010000100000010000000101
29422,1010110111101111000001001000010000101000000000000000
29426,1010110111101111000001001000010000101000000000000100
29434,1010110111101111000001001000010000101000000000001000
29441,1010110111101111000001001000010000101000000000001110
29457,1010110111101111000001001000010000101000000011001000
30941,1010110111101111000001001000010000101000001100000000
29479,1010110111101111000001001000010000101000001100000010
29482,1010110111101111000001001000010000101000001100000100
29486,1010110111101111000001001000010000101000001100000110
29626,1010110111101111000001001000010000101000001100010000
29488,1010110111101111000001001000010000101000001100100000
29308,1010110111101111100000000000000100010000000000100000
29299,1010110111101111100000000000000100010000000010000000
30806,1010110111101111100000000000000100010000000010000001
30921,10101000000000001000000010000100000000000000000000000
28917,10101000010000000000000000000000000000100011001000000
29955,10101000010000000000000000000000000000100011001000001
29078,10101000010000000000000000000000001000000000000000000
29930,10101000010000000000000000000000001000000000000000100
29932,10101000010000000000000000000000001000000000000000101
29934,10101000010000000000000000000000001000000000000000110
29935,10101000010000000000000000000000001000000000000000111
29617,10101101111011110000010010000100001000000000000100000
29619,10101101111011110000010010000100001000000000000100010
29620,10101101111011110000010010000100001000000000000100011
29586,10101101111011110000010010000100001000000100000001000
30955,10101101111011110000010010000100001000000100000001010
30956,10101101111011110000010010000100001000000100000001011
29428,10101101111011110000010010000100001010000000000001000
29437,10101101111011110000010010000100001010000000000010000
30940,10101101111011110000010010000100001010000011000000000
29483,10101101111011110000010010000100001010000011000001000
29491,10101101111011110000010010000100001010000011001000000
29298,10101101111011111000000000000001000100000000100000000
31045,10101101111011111000000000000001000100000000100000010
30919,101010000000000010000000100001000000000000000000000000
30920,101010000000000010000000100001000000000000000000000001
29956,101010000100000000000000000000000000001000110010000000
30774,101010000100000000000000000000000000001000110010000001
29080,101010000100000000000000000000000010000000000000000000
29936,101010000100000000000000000000000010000000000000000001
29931,101010000100000000000000000000000010000000000000001000
29621,101011011110111100000100100001000010000000000001000110
29587,101011011110111100000100100001000010000001000000010000
29519,101011011110111100000100100001000010000001000000010100
29510,101011011110111100000100100001000010000001000000010110
29435,101011011110111100000100100001000010100000000000100000
29629,101011011110111100000100100001000010100000110000000000
29484,101011011110111100000100100001000010100000110000010000
31044,101011011110111110000000000000010001000000001000000100
31046,101011011110111110000000000000010001000000001000000101
29752,1010100000000000100000001000010000000000000000000000000
29753,1010100000000000100000001000010000000000000000000000010
30897,1010100001000000000000000000000000000010001100100000010
29518,1010110111101111000001001000010000100000010000000101000
29511,1010110111101111000001001000010000100000010000000101100
29433,1010110111101111000001001000010000101000000000001000000
29632,1010110111101111000001001000010000101000001100000000000
29636,1010110111101111000001001000010000101000001100000000001
30805,1010110111101111100000000000000100010000000010000001000
31047,1010110111101111100000000000000100010000000010000001010
31048,1010110111101111100000000000000100010000000010000001011
28961,10101000000000001000000010000100000000000000000000000000
30895,10101000010000000000000000000000000000100011001000000100
30896,10101000010000000000000000000000000000100011001000000101
29522,10101101111011110000010010000100001000000100000001010000
29582,10101101111011110000010010000100001000000100000001010001
29512,10101101111011110000010010000100001000000100000001011000
29436,10101101111011110000010010000100001010000000000010000000
29631,10101101111011110000010010000100001010000011000000000000
29296,10101101111011111000000000000001000100000000100000010000
30808,10101101111011111000000000000001000100000000100000010100
30812,10101101111011111000000000000001000100000000100000010110
30893,101010000100000000000000000000000000001000110010000001000
30894,101010000100000000000000000000000000001000110010000001001
29958,101010000100000000000000000000000000001000110010000001010
29521,101011011110111100000100100001000010000001000000010100000
29581,101011011110111100000100100001000010000001000000010100010
29513,101011011110111100000100100001000010000001000000010110000
29517,101011011110111100000100100001000010000001000000010110001
29633,101011011110111100000100100001000010100000110000000000000
29297,101011011110111110000000000000010001000000001000000100000
30810,101011011110111110000000000000010001000000001000000101000
30811,101011011110111110000000000000010001000000001000000101100
30086,1010100001000000000000000000000000000010001100100000010000
30891,1010100001000000000000000000000000000010001100100000010010
30892,1010100001000000000000000000000000000010001100100000010011
29957,1010100001000000000000000000000000000010001100100000010100
29520,1010110111101111000001001000010000100000010000000101000000
29583,1010110111101111000001001000010000100000010000000101000100
29515,1010110111101111000001001000010000100000010000000101100010
29634,1010110111101111000001001000010000101000001100000000000000
30807,1010110111101111100000000000000100010000000010000001010000
28918,10101000010000000000000000000000000000100011001000000100100
29090,10101000010000000000000000000000000000100011001000000100110
29524,10101101111011110000010010000100001000000100000001010000000
29584,10101101111011110000010010000100001000000100000001010001000
29516,10101101111011110000010010000100001000000100000001011000100
29630,10101101111011110000010010000100001010000011000000000000000
30809,10101101111011111000000000000001000100000000100000010100000
28919,101010000100000000000000000000000000001000110010000001001000
29960,101010000100000000000000000000000000001000110010000001001001
29089,101010000100000000000000000000000000001000110010000001001100
29523,101011011110111100000100100001000010000001000000010100000000
29585,101011011110111100000100100001000010000001000000010100010000
29514,101011011110111100000100100001000010000001000000010110001000
29635,101011011110111100000100100001000010100000110000000000000000
28920,1010100001000000000000000000000000000010001100100000010010000
29961,1010100001000000000000000000000000000010001100100000010010001
29091,1010100001000000000000000000000000000010001100100000010011000
29959,1010100001000000000000000000000000000010001100100000010011001
29525,1010110111101111000001001000010000100000010000000101000000000
30768,1010110111101111000001001000010000100000010000000101000000001
30902,10101000010000000000000000000000000000100011001000000100100000
29526,10101101111011110000010010000100001000000100000001010000000000
29527,10101101111011110000010010000100001000000100000001010000000001
30769,10101101111011110000010010000100001000000100000001010000000010
30900,101010000100000000000000000000000000001000110010000001001000000
30901,101010000100000000000000000000000000001000110010000001001000001
29528,101011011110111100000100100001000010000001000000010100000000010
29529,101011011110111100000100100001000010000001000000010100000000011
30841,101011011110111100000100100001000010000001000000010100000000100
30842,101011011110111100000100100001000010000001000000010100000000101
30898,1010100001000000000000000000000000000010001100100000010010000000
30899,1010100001000000000000000000000000000010001100100000010010000001
29963,1010100001000000000000000000000000000010001100100000010010000010
29530,1010110111101111000001001000010000100000010000000101000000000110
29531,1010110111101111000001001000010000100000010000000101000000000111
30840,1010110111101111000001001000010000100000010000000101000000001000
30843,1010110111101111000001001000010000100000010000000101000000001010
28921,10101000010000000000000000000000000000100011001000000100100000000
30085,10101000010000000000000000000000000000100011001000000100100000010
29962,10101000010000000000000000000000000000100011001000000100100000100
29532,10101101111011110000010010000100001000000100000001010000000001110
29535,10101101111011110000010010000100001000000100000001010000000001111
30822,10101101111011110000010010000100001000000100000001010000000010000
30823,10101101111011110000010010000100001000000100000001010000000010001
30910,101010000100000000000000000000000000001000110010000001001000000000
29533,101011011110111100000100100001000010000001000000010100000000011100
29538,101011011110111100000100100001000010000001000000010100000000011101
29536,101011011110111100000100100001000010000001000000010100000000011110
30821,101011011110111100000100100001000010000001000000010100000000100000
30839,101011011110111100000100100001000010000001000000010100000000100001
30908,1010100001000000000000000000000000000010001100100000010010000000000
30909,1010100001000000000000000000000000000010001100100000010010000000001
29534,1010110111101111000001001000010000100000010000000101000000000111000
29567,1010110111101111000001001000010000100000010000000101000000000111001
29539,1010110111101111000001001000010000100000010000000101000000000111010
29541,1010110111101111000001001000010000100000010000000101000000000111011
29537,1010110111101111000001001000010000100000010000000101000000000111100
30820,1010110111101111000001001000010000100000010000000101000000001000000
30824,1010110111101111000001001000010000100000010000000101000000001000001
30906,10101000010000000000000000000000000000100011001000000100100000000000
30907,10101000010000000000000000000000000000100011001000000100100000000001
30084,10101000010000000000000000000000000000100011001000000100100000000010
29569,10101101111011110000010010000100001000000100000001010000000001110010
29579,10101101111011110000010010000100001000000100000001010000000001110011
29540,10101101111011110000010010000100001000000100000001010000000001110100
29564,10101101111011110000010010000100001000000100000001010000000001110101
29542,10101101111011110000010010000100001000000100000001010000000001110110
29545,10101101111011110000010010000100001000000100000001010000000001110111
30819,10101101111011110000010010000100001000000100000001010000000010000000
30844,10101101111011110000010010000100001000000100000001010000000010000001
30825,10101101111011110000010010000100001000000100000001010000000010000010
30838,10101101111011110000010010000100001000000100000001010000000010000011
30911,101010000100000000000000000000000000001000110010000001001000000000000
30912,101010000100000000000000000000000000001000110010000001001000000000001
30913,101010000100000000000000000000000000001000110010000001001000000000010
29570,101011011110111100000100100001000010000001000000010100000000011100100
29580,101011011110111100000100100001000010000001000000010100000000011100110
29565,101011011110111100000100100001000010000001000000010100000000011101010
30960,101011011110111100000100100001000010000001000000010100000000011101100
30818,101011011110111100000100100001000010000001000000010100000000100000000
30845,101011011110111100000100100001000010000001000000010100000000100000001
30827,101011011110111100000100100001000010000001000000010100000000100000100
30837,101011011110111100000100100001000010000001000000010100000000100000101
30903,1010100001000000000000000000000000000010001100100000010010000000000000
30904,1010100001000000000000000000000000000010001100100000010010000000000001
30025,1010100001000000000000000000000000000010001100100000010010000000000010
30905,1010100001000000000000000000000000000010001100100000010010000000000100
29568,1010110111101111000001001000010000100000010000000101000000000111001000
29566,1010110111101111000001001000010000100000010000000101000000000111010100
30959,1010110111101111000001001000010000100000010000000101000000000111011000
30961,1010110111101111000001001000010000100000010000000101000000000111011001
30817,1010110111101111000001001000010000100000010000000101000000001000000000
30828,1010110111101111000001001000010000100000010000000101000000001000001000
30077,10101000010000000000000000000000000000100011001000000100100000000000000
28922,10101000010000000000000000000000000000100011001000000100100000000000010
30605,10101000010000000000000000000000000000100011001000000100100000000001000
29571,10101101111011110000010010000100001000000100000001010000000001110010000
29576,10101101111011110000010010000100001000000100000001010000000001110010001
30957,10101101111011110000010010000100001000000100000001010000000001110110000
30958,10101101111011110000010010000100001000000100000001010000000001110110001
29546,10101101111011110000010010000100001000000100000001010000000001110110010
30816,10101101111011110000010010000100001000000100000001010000000010000000000
30826,10101101111011110000010010000100001000000100000001010000000010000010000
30078,101010000100000000000000000000000000001000110010000001001000000000000000
30081,101010000100000000000000000000000000001000110010000001001000000000000001
28923,101010000100000000000000000000000000001000110010000001001000000000000100
30076,101010000100000000000000000000000000001000110010000001001000000000000101
30604,101010000100000000000000000000000000001000110010000001001000000000010000
29572,101011011110111100000100100001000010000001000000010100000000011100100000
29574,101011011110111100000100100001000010000001000000010100000000011100100001
29577,101011011110111100000100100001000010000001000000010100000000011100100010
29549,101011011110111100000100100001000010000001000000010100000000011101100000
29543,101011011110111100000100100001000010000001000000010100000000011101100010
29547,101011011110111100000100100001000010000001000000010100000000011101100100
30815,101011011110111100000100100001000010000001000000010100000000100000000000
30846,101011011110111100000100100001000010000001000000010100000000100000000001
30829,101011011110111100000100100001000010000001000000010100000000100000100000
30831,101011011110111100000100100001000010000001000000010100000000100000100001
30079,1010100001000000000000000000000000000010001100100000010010000000000000000
30083,1010100001000000000000000000000000000010001100100000010010000000000000001
30082,1010100001000000000000000000000000000010001100100000010010000000000000010
28924,1010100001000000000000000000000000000010001100100000010010000000000001000
30026,1010100001000000000000000000000000000010001100100000010010000000000001001
30771,1010100001000000000000000000000000000010001100100000010010000000000100000
30967,1010110111101111000001001000010000100000010000000101000000000111001000000
29578,1010110111101111000001001000010000100000010000000101000000000111001000100
30964,1010110111101111000001001000010000100000010000000101000000000111011000000
29544,1010110111101111000001001000010000100000010000000101000000000111011000100
29548,1010110111101111000001001000010000100000010000000101000000000111011000101
31050,1010110111101111000001001000010000100000010000000101000000001000000000000
30830,1010110111101111000001001000010000100000010000000101000000001000001000000
30832,1010110111101111000001001000010000100000010000000101000000001000001000001
30080,10101000010000000000000000000000000000100011001000000100100000000000000000
28926,10101000010000000000000000000000000000100011001000000100100000000000010000
30070,10101000010000000000000000000000000000100011001000000100100000000000010001
30027,10101000010000000000000000000000000000100011001000000100100000000000010010
30772,10101000010000000000000000000000000000100011001000000100100000000001000000
30965,10101101111011110000010010000100001000000100000001010000000001110010000000
30966,10101101111011110000010010000100001000000100000001010000000001110010000001
30962,10101101111011110000010010000100001000000100000001010000000001110110000000
30963,10101101111011110000010010000100001000000100000001010000000001110110000001
31049,10101101111011110000010010000100001000000100000001010000000010000000000000
31051,10101101111011110000010010000100001000000100000001010000000010000000000001
30833,10101101111011110000010010000100001000000100000001010000000010000010000010
30834,10101101111011110000010010000100001000000100000001010000000010000010000011
28925,101010000100000000000000000000000000001000110010000001001000000000000100000
30069,101010000100000000000000000000000000001000110010000001001000000000000100010
30028,101010000100000000000000000000000000001000110010000001001000000000000100100
29964,101010000100000000000000000000000000001000110010000001001000000000010000000
30012,101010000100000000000000000000000000001000110010000001001000000000010000001
29575,101011011110111100000100100001000010000001000000010100000000011100100000000
29573,101011011110111100000100100001000010000001000000010100000000011100100000010
29563,101011011110111100000100100001000010000001000000010100000000011101100000000
29550,101011011110111100000100100001000010000001000000010100000000011101100000010
30813,101011011110111100000100100001000010000001000000010100000000100000000000010
30835,101011011110111100000100100001000010000001000000010100000000100000100000110
30836,101011011110111100000100100001000010000001000000010100000000100000100000111
30916,1010100001000000000000000000000000000010001100100000010010000000000001000000
30071,1010100001000000000000000000000000000010001100100000010010000000000001000100
30073,1010100001000000000000000000000000000010001100100000010010000000000001000101
29965,1010100001000000000000000000000000000010001100100000010010000000000100000000
30013,1010100001000000000000000000000000000010001100100000010010000000000100000010
30024,1010100001000000000000000000000000000010001100100000010010000000000100000011
29551,1010110111101111000001001000010000100000010000000101000000000111011000000100
29562,1010110111101111000001001000010000100000010000000101000000000111011000000101
30814,1010110111101111000001001000010000100000010000000101000000001000000000000100
30917,10101000010000000000000000000000000000100011001000000100100000000000010000000
30918,10101000010000000000000000000000000000100011001000000100100000000000010000001
30072,10101000010000000000000000000000000000100011001000000100100000000000010001000
30075,10101000010000000000000000000000000000100011001000000100100000000000010001010
29966,10101000010000000000000000000000000000100011001000000100100000000001000000000
30014,10101000010000000000000000000000000000100011001000000100100000000001000000100
30023,10101000010000000000000000000000000000100011001000000100100000000001000000101
29552,10101101111011110000010010000100001000000100000001010000000001110110000001000
29554,10101101111011110000010010000100001000000100000001010000000001110110000001001
30914,101010000100000000000000000000000000001000110010000001001000000000000100000000
30915,101010000100000000000000000000000000001000110010000001001000000000000100000001
29108,101010000100000000000000000000000000001000110010000001001000000000000100000010
30074,101010000100000000000000000000000000001000110010000001001000000000000100010100
29967,101010000100000000000000000000000000001000110010000001001000000000010000000000
30004,101010000100000000000000000000000000001000110010000001001000000000010000000001
30015,101010000100000000000000000000000000001000110010000001001000000000010000001000
30022,101010000100000000000000000000000000001000110010000001001000000000010000001001
29553,101011011110111100000100100001000010000001000000010100000000011101100000010000
29555,101011011110111100000100100001000010000001000000010100000000011101100000010001
30068,1010100001000000000000000000000000000010001100100000010010000000000001000000000
28927,1010100001000000000000000000000000000010001100100000010010000000000001000000010
29124,1010100001000000000000000000000000000010001100100000010010000000000100000000000
30725,1010100001000000000000000000000000000010001100100000010010000000000100000000001
30006,1010100001000000000000000000000000000010001100100000010010000000000100000000010
30011,1010100001000000000000000000000000000010001100100000010010000000000100000000011
30016,1010100001000000000000000000000000000010001100100000010010000000000100000010000
30019,1010100001000000000000000000000000000010001100100000010010000000000100000010001
29556,1010110111101111000001001000010000100000010000000101000000000111011000000100010
29558,1010110111101111000001001000010000100000010000000101000000000111011000000100011
30066,10101000010000000000000000000000000000100011001000000100100000000000010000000100
30576,10101000010000000000000000000000000000100011001000000100100000000000010000000101
30801,10101000010000000000000000000000000000100011001000000100100000000001000000000010
30005,10101000010000000000000000000000000000100011001000000100100000000001000000000100
30010,10101000010000000000000000000000000000100011001000000100100000000001000000000110
30018,10101000010000000000000000000000000000100011001000000100100000000001000000100000
30021,10101000010000000000000000000000000000100011001000000100100000000001000000100001
30020,10101000010000000000000000000000000000100011001000000100100000000001000000100010
29557,10101101111011110000010010000100001000000100000001010000000001110110000001000100
29559,10101101111011110000010010000100001000000100000001010000000001110110000001000110
29561,10101101111011110000010010000100001000000100000001010000000001110110000001000111
30067,101010000100000000000000000000000000001000110010000001001000000000000100000001000
30030,101010000100000000000000000000000000001000110010000001001000000000000100000001010
30031,101010000100000000000000000000000000001000110010000001001000000000000100000001011
29968,101010000100000000000000000000000000001000110010000001001000000000010000000000100
30007,101010000100000000000000000000000000001000110010000001001000000000010000000001000
30008,101010000100000000000000000000000000001000110010000001001000000000010000000001001
30009,101010000100000000000000000000000000001000110010000001001000000000010000000001100
30017,101010000100000000000000000000000000001000110010000001001000000000010000001000000
29560,101011011110111100000100100001000010000001000000010100000000011101100000010001100
30029,1010100001000000000000000000000000000010001100100000010010000000000001000000010100
30999,1010100001000000000000000000000000000010001100100000010010000000000001000000010110
29969,1010100001000000000000000000000000000010001100100000010010000000000100000000001000
29974,1010100001000000000000000000000000000010001100100000010010000000000100000000001001
30997,10101000010000000000000000000000000000100011001000000100100000000000010000000101100
30998,10101000010000000000000000000000000000100011001000000100100000000000010000000101101
29970,10101000010000000000000000000000000000100011001000000100100000000001000000000010000
30003,10101000010000000000000000000000000000100011001000000100100000000001000000000010001
30037,101010000100000000000000000000000000001000110010000001001000000000000100000001011000
31000,101010000100000000000000000000000000001000110010000001001000000000000100000001011010
29971,101010000100000000000000000000000000001000110010000001001000000000010000000000100000
29975,101010000100000000000000000000000000001000110010000001001000000000010000000000100001
31003,1010100001000000000000000000000000000010001100100000010010000000000001000000010110000
30773,1010100001000000000000000000000000000010001100100000010010000000000001000000010110100
29972,1010100001000000000000000000000000000010001100100000010010000000000100000000001000000
29976,1010100001000000000000000000000000000010001100100000010010000000000100000000001000010
29988,1010100001000000000000000000000000000010001100100000010010000000000100000000001000011
31002,10101000010000000000000000000000000000100011001000000100100000000000010000000101100000
31005,10101000010000000000000000000000000000100011001000000100100000000000010000000101100001
31033,10101000010000000000000000000000000000100011001000000100100000000000010000000101101000
29973,10101000010000000000000000000000000000100011001000000100100000000001000000000010000000
29977,10101000010000000000000000000000000000100011001000000100100000000001000000000010000100
29987,10101000010000000000000000000000000000100011001000000100100000000001000000000010000101
29989,10101000010000000000000000000000000000100011001000000100100000000001000000000010000110
29992,10101000010000000000000000000000000000100011001000000100100000000001000000000010000111
31001,101010000100000000000000000000000000001000110010000001001000000000000100000001011000000
31004,101010000100000000000000000000000000001000110010000001001000000000000100000001011000001
31032,101010000100000000000000000000000000001000110010000001001000000000000100000001011010000
31035,101010000100000000000000000000000000001000110010000001001000000000000100000001011010001
29979,101010000100000000000000000000000000001000110010000001001000000000010000000000100001000
29980,101010000100000000000000000000000000001000110010000001001000000000010000000000100001001
29990,101010000100000000000000000000000000001000110010000001001000000000010000000000100001100
29993,101010000100000000000000000000000000001000110010000001001000000000010000000000100001110
29999,101010000100000000000000000000000000001000110010000001001000000000010000000000100001111
30038,1010100001000000000000000000000000000010001100100000010010000000000001000000010110000000
30039,1010100001000000000000000000000000000010001100100000010010000000000001000000010110000010
31041,1010100001000000000000000000000000000010001100100000010010000000000001000000010110100000
31034,1010100001000000000000000000000000000010001100100000010010000000000001000000010110100010
31036,1010100001000000000000000000000000000010001100100000010010000000000001000000010110100011
29978,1010100001000000000000000000000000000010001100100000010010000000000100000000001000010000
29981,1010100001000000000000000000000000000010001100100000010010000000000100000000001000010010
29986,1010100001000000000000000000000000000010001100100000010010000000000100000000001000010011
29991,1010100001000000000000000000000000000010001100100000010010000000000100000000001000011000
29994,1010100001000000000000000000000000000010001100100000010010000000000100000000001000011100
30002,1010100001000000000000000000000000000010001100100000010010000000000100000000001000011101
29998,1010100001000000000000000000000000000010001100100000010010000000000100000000001000011110
31039,10101000010000000000000000000000000000100011001000000100100000000000010000000101101000000
31040,10101000010000000000000000000000000000100011001000000100100000000000010000000101101000001
30034,10101000010000000000000000000000000000100011001000000100100000000000010000000101101000100
30599,10101000010000000000000000000000000000100011001000000100100000000000010000000101101000110
29982,10101000010000000000000000000000000000100011001000000100100000000001000000000010000100100
29985,10101000010000000000000000000000000000100011001000000100100000000001000000000010000100101
29995,10101000010000000000000000000000000000100011001000000100100000000001000000000010000111000
30000,10101000010000000000000000000000000000100011001000000100100000000001000000000010000111100
30001,10101000010000000000000000000000000000100011001000000100100000000001000000000010000111101
31031,101010000100000000000000000000000000001000110010000001001000000000000100000001011010000000
30035,101010000100000000000000000000000000001000110010000001001000000000000100000001011010000010
30598,101010000100000000000000000000000000001000110010000001001000000000000100000001011010001100
29983,101010000100000000000000000000000000001000110010000001001000000000010000000000100001001000
29984,101010000100000000000000000000000000001000110010000001001000000000010000000000100001001001
29996,101010000100000000000000000000000000001000110010000001001000000000010000000000100001110000
31038,1010100001000000000000000000000000000010001100100000010010000000000001000000010110100000000
30597,1010100001000000000000000000000000000010001100100000010010000000000001000000010110100011000
29997,1010100001000000000000000000000000000010001100100000010010000000000100000000001000011100000
31037,10101000010000000000000000000000000000100011001000000100100000000000010000000101101000000000
31063,10101000010000000000000000000000000000100011001000000100100000000000010000000101101000000001
30033,101010000100000000000000000000000000001000110010000001001000000000000100000001011010000000000
30036,101010000100000000000000000000000000001000110010000001001000000000000100000001011010000000010
30032,1010100001000000000000000000000000000010001100100000010010000000000001000000010110100000000000
