"rid", "binaryID"
50876,1
50874,10
50878,100
50879,1000
50875,10000
50877,100000
50880,1000000
50998,1000001
52087,10000000
50999,10000010
52088,100000000
52089,100000001
52106,100000100
52010,1000000000
50892,1000000010
52105,1000001000
52107,1000001001
52158,10000000000
51357,10000000100
51965,10000000101
51354,10000010000
51000,10000010010
52159,100000000000
52160,100000000001
51358,100000001000
51966,100000001010
51352,100000100000
52011,1000000000000
51549,1000000000010
51356,1000000010000
51361,1000000010100
51976,1000000010101
51353,1000001000000
50881,10000000000000
51355,10000000100000
51360,10000000101000
51975,10000000101010
50882,100000000000000
51359,100000001000000
52012,100000001010100
50886,1000000000000000
51563,1000000000000001
51967,1000000010101000
50885,10000000000000000
51564,10000000000000010
50893,10000000101010000
50883,100000000000000000
51565,100000000000000100
50894,100000001010100000
51363,100000001010100001
50884,1000000000000000000
51567,1000000000000001000
51569,1000000000000001001
50895,1000000010101000000
51542,1000000010101000001
51362,1000000010101000010
50887,10000000000000000000
51551,10000000000000000001
51566,10000000000000010000
51570,10000000000000010010
51578,10000000000000010011
50896,10000000101010000000
51539,10000000101010000001
51547,10000000101010000010
50888,100000000000000000000
51550,100000000000000000010
51568,100000000000000100000
52147,100000000000000100100
51572,100000000000000100110
52163,100000001010100000000
51537,100000001010100000010
51548,100000001010100000100
50889,1000000000000000000000
51562,1000000000000000000001
52146,1000000000000001001000
51573,1000000000000001001100
51576,1000000000000001001101
52164,1000000010101000000000
52165,1000000010101000000001
51540,1000000010101000000100
51544,1000000010101000001000
50890,10000000000000000000000
51560,10000000000000000000010
51571,10000000000000010010000
51574,10000000000000010011000
51577,10000000000000010011010
52161,10000000101010000000000
52162,10000000101010000000001
51364,10000000101010000000010
51538,10000000101010000001000
51545,10000000101010000010000
50891,100000000000000000000000
51561,100000000000000000000100
51575,100000000000000100110000
51964,100000001010100000000000
51371,100000001010100000000010
51366,100000001010100000000100
51541,100000001010100000010000
51546,100000001010100000100000
51552,1000000000000000000000000
51968,1000000010101000000000000
51372,1000000010101000000000100
51378,1000000010101000000000101
51367,1000000010101000000001000
51543,1000000010101000001000000
51553,10000000000000000000000000
50897,10000000101010000000000000
51373,10000000101010000000001000
51377,10000000101010000000001001
51365,10000000101010000000010000
51554,100000000000000000000000000
50898,100000001010100000000000000
51379,100000001010100000000000001
51375,100000001010100000000010000
51376,100000001010100000000010010
51369,100000001010100000000100000
51370,100000001010100000000100001
51556,1000000000000000000000000000
50899,1000000010101000000000000000
51388,1000000010101000000000000001
51380,1000000010101000000000000010
51374,1000000010101000000000100000
51368,1000000010101000000001000000
51555,10000000000000000000000000000
52091,10000000101010000000000000000
51382,10000000101010000000000000100
51557,100000000000000000000000000000
52090,100000001010100000000000000000
52092,100000001010100000000000000001
51381,100000001010100000000000001000
51558,1000000000000000000000000000000
50900,1000000010101000000000000000000
51536,1000000010101000000000000000010
51383,1000000010101000000000000010000
51559,10000000000000000000000000000000
50901,10000000101010000000000000000000
51390,10000000101010000000000000000001
52136,10000000101010000000000000100000
52036,100000000000000000000000000000000
50902,100000001010100000000000000000000
51400,100000001010100000000000000000001
51392,100000001010100000000000000000010
52134,100000001010100000000000001000000
52135,100000001010100000000000001000001
51986,1000000000000000000000000000000000
50903,1000000010101000000000000000000000
51534,1000000010101000000000000000000001
51401,1000000010101000000000000000000010
51389,1000000010101000000000000000000100
51387,1000000010101000000000000010000000
51384,1000000010101000000000000010000010
50904,10000000101010000000000000000000000
51532,10000000101010000000000000000000001
51535,10000000101010000000000000000000010
51402,10000000101010000000000000000000100
51391,10000000101010000000000000000001000
51385,10000000101010000000000000100000100
50905,100000001010100000000000000000000000
50976,100000001010100000000000000000000001
51533,100000001010100000000000000000000010
51399,100000001010100000000000000000001000
51393,100000001010100000000000000000010000
51395,100000001010100000000000000000010001
51386,100000001010100000000000001000001000
50906,1000000010101000000000000000000000000
52179,1000000010101000000000000000000000001
50977,1000000010101000000000000000000000010
51404,1000000010101000000000000000000000011
51403,1000000010101000000000000000000010000
51394,1000000010101000000000000000000100000
51396,1000000010101000000000000000000100010
51397,1000000010101000000000000000000100011
50907,10000000101010000000000000000000000000
51420,10000000101010000000000000000000000001
52180,10000000101010000000000000000000000010
52181,10000000101010000000000000000000000011
50978,10000000101010000000000000000000000100
51405,10000000101010000000000000000000000101
51398,10000000101010000000000000000001000110
50908,100000001010100000000000000000000000000
51531,100000001010100000000000000000000000001
51867,100000001010100000000000000000000000110
51871,100000001010100000000000000000000000111
52096,100000001010100000000000000000000001000
50909,1000000010101000000000000000000000000000
50986,1000000010101000000000000000000000000001
51868,1000000010101000000000000000000000001100
51869,1000000010101000000000000000000000001101
52097,1000000010101000000000000000000000010000
52098,1000000010101000000000000000000000010001
50910,10000000101010000000000000000000000000000
51496,10000000101010000000000000000000000000001
50987,10000000101010000000000000000000000000010
51500,10000000101010000000000000000000000000011
51870,10000000101010000000000000000000000011010
50979,10000000101010000000000000000000000100000
51406,10000000101010000000000000000000000100010
50911,100000001010100000000000000000000000000000
51421,100000001010100000000000000000000000000001
51498,100000001010100000000000000000000000000010
50988,100000001010100000000000000000000000000100
51524,100000001010100000000000000000000000000101
51501,100000001010100000000000000000000000000110
50980,100000001010100000000000000000000001000000
51419,100000001010100000000000000000000001000001
51407,100000001010100000000000000000000001000100
51408,100000001010100000000000000000000001000101
50912,1000000010101000000000000000000000000000000
51423,1000000010101000000000000000000000000000001
51422,1000000010101000000000000000000000000000010
51497,1000000010101000000000000000000000000000100
50989,1000000010101000000000000000000000000001000
51502,1000000010101000000000000000000000000001001
51525,1000000010101000000000000000000000000001010
51529,1000000010101000000000000000000000000001011
51499,1000000010101000000000000000000000000001100
50981,1000000010101000000000000000000000010000000
51410,1000000010101000000000000000000000010000001
51409,1000000010101000000000000000000000010001010
50913,10000000101010000000000000000000000000000000
51495,10000000101010000000000000000000000000000001
51424,10000000101010000000000000000000000000000010
50990,10000000101010000000000000000000000000010000
51527,10000000101010000000000000000000000000010100
51528,10000000101010000000000000000000000000010110
50982,10000000101010000000000000000000000100000000
51414,10000000101010000000000000000000000100000001
51411,10000000101010000000000000000000000100000010
50914,100000001010100000000000000000000000000000000
51466,100000001010100000000000000000000000000000001
50991,100000001010100000000000000000000000000100000
51526,100000001010100000000000000000000000000101000
51530,100000001010100000000000000000000000000101100
52099,100000001010100000000000000000000001000000000
51415,100000001010100000000000000000000001000000010
51413,100000001010100000000000000000000001000000100
50915,1000000010101000000000000000000000000000000000
51425,1000000010101000000000000000000000000000000001
51467,1000000010101000000000000000000000000000000010
51490,1000000010101000000000000000000000000000000011
50992,1000000010101000000000000000000000000001000000
51503,1000000010101000000000000000000000000001000001
52100,1000000010101000000000000000000000010000000000
52101,1000000010101000000000000000000000010000000001
51412,1000000010101000000000000000000000010000001000
50916,10000000101010000000000000000000000000000000000
51468,10000000101010000000000000000000000000000000100
51469,10000000101010000000000000000000000000000000101
51491,10000000101010000000000000000000000000000000110
51494,10000000101010000000000000000000000000000000111
50993,10000000101010000000000000000000000000010000000
51508,10000000101010000000000000000000000000010000001
51505,10000000101010000000000000000000000000010000010
50983,10000000101010000000000000000000000100000000000
51416,10000000101010000000000000000000000100000000010
50917,100000001010100000000000000000000000000000000000
51470,100000001010100000000000000000000000000000001010
51476,100000001010100000000000000000000000000000001011
51492,100000001010100000000000000000000000000000001100
51493,100000001010100000000000000000000000000000001110
52103,100000001010100000000000000000000000000100000000
51509,100000001010100000000000000000000000000100000010
51504,100000001010100000000000000000000000000100000100
50984,100000001010100000000000000000000001000000000000
51417,100000001010100000000000000000000001000000000100
50918,1000000010101000000000000000000000000000000000000
51426,1000000010101000000000000000000000000000000000001
51471,1000000010101000000000000000000000000000000010100
51475,1000000010101000000000000000000000000000000010110
52102,1000000010101000000000000000000000000001000000000
52104,1000000010101000000000000000000000000001000000001
51506,1000000010101000000000000000000000000001000000100
50985,1000000010101000000000000000000000010000000000000
51418,1000000010101000000000000000000000010000000001000
50919,10000000101010000000000000000000000000000000000000
51427,10000000101010000000000000000000000000000000000001
51472,10000000101010000000000000000000000000000000101000
51477,10000000101010000000000000000000000000000000101100
50994,10000000101010000000000000000000000000010000000000
51511,10000000101010000000000000000000000000010000000010
51507,10000000101010000000000000000000000000010000001000
50920,100000001010100000000000000000000000000000000000000
51462,100000001010100000000000000000000000000000000000001
51473,100000001010100000000000000000000000000000001010000
51474,100000001010100000000000000000000000000000001011000
50995,100000001010100000000000000000000000000100000000000
51510,100000001010100000000000000000000000000100000000001
51512,100000001010100000000000000000000000000100000000100
51523,100000001010100000000000000000000000000100000000101
50921,1000000010101000000000000000000000000000000000000000
50969,1000000010101000000000000000000000000000000000000001
51464,1000000010101000000000000000000000000000000000000010
51465,1000000010101000000000000000000000000000000000000011
51484,1000000010101000000000000000000000000000000010110000
51487,1000000010101000000000000000000000000000000010110001
50996,1000000010101000000000000000000000000001000000000000
51513,1000000010101000000000000000000000000001000000001000
51522,1000000010101000000000000000000000000001000000001010
50923,10000000101010000000000000000000000000000000000000000
50968,10000000101010000000000000000000000000000000000000010
51463,10000000101010000000000000000000000000000000000000100
51478,10000000101010000000000000000000000000000000101100000
51514,10000000101010000000000000000000000000010000000010000
50922,100000001010100000000000000000000000000000000000000000
50970,100000001010100000000000000000000000000000000000000100
51480,100000001010100000000000000000000000000000001011000000
51515,100000001010100000000000000000000000000100000000100000
51519,100000001010100000000000000000000000000100000000100001
50925,1000000010101000000000000000000000000000000000000000000
51435,1000000010101000000000000000000000000000000000000000001
52095,1000000010101000000000000000000000000000000000000001000
51482,1000000010101000000000000000000000000000000010110000000
51516,1000000010101000000000000000000000000001000000001000000
51517,1000000010101000000000000000000000000001000000001000001
51520,1000000010101000000000000000000000000001000000001000010
51521,1000000010101000000000000000000000000001000000001000011
50924,10000000101010000000000000000000000000000000000000000000
51434,10000000101010000000000000000000000000000000000000000010
52093,10000000101010000000000000000000000000000000000000010000
52094,10000000101010000000000000000000000000000000000000010001
51479,10000000101010000000000000000000000000000000101100000000
51518,10000000101010000000000000000000000000010000000010000010
50926,100000001010100000000000000000000000000000000000000000000
51457,100000001010100000000000000000000000000000000000000000001
51451,100000001010100000000000000000000000000000000000000000100
52076,100000001010100000000000000000000000000000000000000000101
51433,100000001010100000000000000000000000000000000000000100000
50971,100000001010100000000000000000000000000000000000000100010
51481,100000001010100000000000000000000000000000001011000000000
50927,1000000010101000000000000000000000000000000000000000000000
50974,1000000010101000000000000000000000000000000000000000000001
51458,1000000010101000000000000000000000000000000000000000000010
51452,1000000010101000000000000000000000000000000000000000001000
52077,1000000010101000000000000000000000000000000000000000001010
50972,1000000010101000000000000000000000000000000000000001000100
51428,1000000010101000000000000000000000000000000000000001000101
51483,1000000010101000000000000000000000000000000010110000000000
50928,10000000101010000000000000000000000000000000000000000000000
51453,10000000101010000000000000000000000000000000000000000000001
50975,10000000101010000000000000000000000000000000000000000000010
51456,10000000101010000000000000000000000000000000000000000000100
51450,10000000101010000000000000000000000000000000000000000010100
52075,10000000101010000000000000000000000000000000000000000010101
50973,10000000101010000000000000000000000000000000000000010001000
51429,10000000101010000000000000000000000000000000000000010001010
51432,10000000101010000000000000000000000000000000000000010001011
51090,10000000101010000000000000000000000000000000101100000000000
51485,10000000101010000000000000000000000000000000101100000000001
50929,100000001010100000000000000000000000000000000000000000000000
51454,100000001010100000000000000000000000000000000000000000000001
51459,100000001010100000000000000000000000000000000000000000001000
51461,100000001010100000000000000000000000000000000000000000001001
51449,100000001010100000000000000000000000000000000000000000101000
52074,100000001010100000000000000000000000000000000000000000101010
51430,100000001010100000000000000000000000000000000000000100010100
51431,100000001010100000000000000000000000000000000000000100010110
51489,100000001010100000000000000000000000000000001011000000000010
50930,1000000010101000000000000000000000000000000000000000000000000
52176,1000000010101000000000000000000000000000000000000000000000010
51460,1000000010101000000000000000000000000000000000000000000010000
51436,1000000010101000000000000000000000000000000000000000001010100
51437,1000000010101000000000000000000000000000000000000000001010101
51486,1000000010101000000000000000000000000000000010110000000000100
50931,10000000101010000000000000000000000000000000000000000000000000
51073,10000000101010000000000000000000000000000000000000000000000100
51973,10000000101010000000000000000000000000000000000000000000100000
52035,10000000101010000000000000000000000000000000000000000000100001
52137,10000000101010000000000000000000000000000000000000000010101010
52140,10000000101010000000000000000000000000000000101100000000001000
50932,100000001010100000000000000000000000000000000000000000000000000
51455,100000001010100000000000000000000000000000000000000000000000001
51880,100000001010100000000000000000000000000000000000000000001000010
51945,100000001010100000000000000000000000000000000000000000001000011
52138,100000001010100000000000000000000000000000000000000000101010100
52139,100000001010100000000000000000000000000000000000000000101010101
52141,100000001010100000000000000000000000000000001011000000000010000
52142,100000001010100000000000000000000000000000001011000000000010001
51881,1000000010101000000000000000000000000000000000000000000010000100
51892,1000000010101000000000000000000000000000000000000000000010000101
51447,1000000010101000000000000000000000000000000000000000001010101000
51439,1000000010101000000000000000000000000000000000000000001010101010
51488,1000000010101000000000000000000000000000000010110000000000100000
52143,1000000010101000000000000000000000000000000010110000000000100010
51882,10000000101010000000000000000000000000000000000000000000100001000
51893,10000000101010000000000000000000000000000000000000000000100001010
51448,10000000101010000000000000000000000000000000000000000010101010000
51440,10000000101010000000000000000000000000000000000000000010101010100
52144,10000000101010000000000000000000000000000000101100000000001000100
52145,10000000101010000000000000000000000000000000101100000000001000101
51884,100000001010100000000000000000000000000000000000000000001000010000
51438,100000001010100000000000000000000000000000000000000000101010101000
51949,100000001010100000000000000000000000000000001011000000000010001000
51950,100000001010100000000000000000000000000000001011000000000010001010
51885,1000000010101000000000000000000000000000000000000000000010000100000
51441,1000000010101000000000000000000000000000000000000000001010101010000
51446,1000000010101000000000000000000000000000000000000000001010101010001
51969,1000000010101000000000000000000000000000000010110000000000100010000
51954,1000000010101000000000000000000000000000000010110000000000100010100
51883,10000000101010000000000000000000000000000000000000000000100001000000
51442,10000000101010000000000000000000000000000000000000000010101010100000
51934,10000000101010000000000000000000000000000000000000000010101010100010
51935,10000000101010000000000000000000000000000000000000000010101010100011
51962,10000000101010000000000000000000000000000000101100000000001000100000
51952,10000000101010000000000000000000000000000000101100000000001000101000
51886,100000001010100000000000000000000000000000000000000000001000010000000
51903,100000001010100000000000000000000000000000000000000000001000010000001
51443,100000001010100000000000000000000000000000000000000000101010101000000
51963,100000001010100000000000000000000000000000001011000000000010001000000
51953,100000001010100000000000000000000000000000001011000000000010001010000
52154,1000000010101000000000000000000000000000000000000000000010000100000000
51904,1000000010101000000000000000000000000000000000000000000010000100000010
51445,1000000010101000000000000000000000000000000000000000001010101010000000
51951,1000000010101000000000000000000000000000000010110000000000100010100000
52151,10000000101010000000000000000000000000000000000000000000100001000000000
52153,10000000101010000000000000000000000000000000000000000000100001000000001
51444,10000000101010000000000000000000000000000000000000000010101010100000000
51955,10000000101010000000000000000000000000000000101100000000001000101000000
52152,100000001010100000000000000000000000000000000000000000001000010000000000
52178,100000001010100000000000000000000000000000000000000000001000010000000001
51894,100000001010100000000000000000000000000000000000000000001000010000000010
51888,1000000010101000000000000000000000000000000000000000000010000100000000000
51070,1000000010101000000000000000000000000000000000000000000010000100000000010
52157,1000000010101000000000000000000000000000000000000000000010000100000000100
51889,10000000101010000000000000000000000000000000000000000000100001000000000000
51071,10000000101010000000000000000000000000000000000000000000100001000000000100
52155,10000000101010000000000000000000000000000000000000000000100001000000001000
52156,10000000101010000000000000000000000000000000000000000000100001000000001001
51887,100000001010100000000000000000000000000000000000000000001000010000000000000
51072,100000001010100000000000000000000000000000000000000000001000010000000001000
51902,100000001010100000000000000000000000000000000000000000001000010000000010000
51895,100000001010100000000000000000000000000000000000000000001000010000000010010
51890,1000000010101000000000000000000000000000000000000000000010000100000000000000
51901,1000000010101000000000000000000000000000000000000000000010000100000000100000
51896,1000000010101000000000000000000000000000000000000000000010000100000000100100
51898,1000000010101000000000000000000000000000000000000000000010000100000000100101
51891,10000000101010000000000000000000000000000000000000000000100001000000000000000
51897,10000000101010000000000000000000000000000000000000000000100001000000001001000
51900,10000000101010000000000000000000000000000000000000000000100001000000001001010
51899,100000001010100000000000000000000000000000000000000000001000010000000010010100
