"rid", "binaryID"
24657,1
24580,10
24681,11
24579,100
24432,110
24655,111
24581,1000
24431,1100
24578,1110
24656,1111
24430,11000
24577,11100
24654,11110
23714,111100
23713,1111000
24610,11110000
24611,11110001
24612,111100000
24683,111100001
23717,111100010
23726,111100011
24613,1111000000
24880,1111000001
24682,1111000010
23716,1111000100
23727,1111000110
24566,1111000111
24717,11110000000
24684,11110000100
23718,11110001000
23932,11110001001
23728,11110001100
24434,11110001101
24565,11110001110
24716,111100000000
23964,111100001000
24615,111100001001
23719,111100010000
23967,111100010001
23729,111100011000
24564,111100011001
24435,111100011010
23965,1111000010000
24614,1111000010010
23720,1111000100000
24574,1111000100001
23971,1111000100010
23730,1111000110000
24562,1111000110001
24563,1111000110010
24433,1111000110100
23966,11110000100000
24616,11110000100100
24728,11110001000000
23969,11110001000100
23731,11110001100000
23919,11110001100001
24561,11110001100010
24436,11110001101000
24438,11110001101001
24725,111100001001000
24727,111100010000000
24729,111100010000001
23970,111100010001000
23732,111100011000000
23918,111100011000010
24560,111100011000100
24437,111100011010010
24724,1111000010010000
24726,1111000010010001
24567,1111000100000000
23721,1111000100000010
23968,1111000100010000
24733,1111000110000000
23917,1111000110000100
24575,11110000100100000
23715,11110000100100010
23722,11110001000000100
24573,11110001000000101
24734,11110001100000000
24735,11110001100000001
23921,11110001100001000
24576,111100001001000000
24731,111100010000001000
24447,111100011000000000
24736,111100011000000010
24737,111100011000000011
23920,111100011000010000
24730,1111000100000010000
24732,1111000100000010001
24448,1111000110000000000
24452,1111000110000000001
24738,1111000110000000100
24739,1111000110000000101
23733,1111000110000000110
23916,1111000110000100000
24568,11110001000000100000
23723,11110001000000100010
24449,11110001100000000000
24455,11110001100000000001
24685,11110001100000001000
24535,11110001100000001010
24845,11110001100000001100
23922,11110001100001000000
23724,111100010000001000100
24569,111100010000001000101
24450,111100011000000000000
24454,111100011000000000001
24456,111100011000000000010
24457,111100011000000000011
24861,111100011000000010000
24843,111100011000000011000
24846,111100011000000011001
23923,111100011000010000000
23725,1111000100000010001000
24570,1111000100000010001010
24572,1111000100000010001011
24451,1111000110000000000000
24453,1111000110000000000010
24863,1111000110000000100000
24864,1111000110000000100001
24842,1111000110000000110000
24844,1111000110000000110001
24542,1111000110000000110010
23924,1111000110000100000000
24440,1111000110000100000001
24571,11110001000000100010100
24860,11110001100000001000000
24862,11110001100000001000001
23734,11110001100000001000010
24536,11110001100000001100000
24714,11110001100000001100010
24543,11110001100000001100100
24544,11110001100000001100101
24817,11110001100001000000000
24441,11110001100001000000010
24458,111100011000000010000000
24465,111100011000000010000010
23735,111100011000000010000100
24529,111100011000000010000101
24537,111100011000000011000000
24553,111100011000000011000001
24715,111100011000000011000100
24545,111100011000000011001010
24815,111100011000010000000000
24816,111100011000010000000001
24442,111100011000010000000100
24459,1111000110000000100000000
24460,1111000110000000100000001
24464,1111000110000000100000100
23737,1111000110000000100001000
24530,1111000110000000100001010
24534,1111000110000000100001011
24538,1111000110000000110000000
24554,1111000110000000110000001
24546,1111000110000000110001000
23925,1111000110000100000000000
24446,1111000110000100000000010
24439,1111000110000100000001000
24461,11110001100000001000000010
24463,11110001100000001000000011
23738,11110001100000001000010000
24531,11110001100000001000010100
24533,11110001100000001000010101
24539,11110001100000001100000000
24555,11110001100000001100000010
24850,11110001100000001100010000
24837,11110001100001000000010000
24462,111100011000000010000000100
23736,111100011000000010000100000
24532,111100011000000010000101010
24540,111100011000000011000000000
24556,111100011000000011000000100
24851,111100011000000011000100000
24852,111100011000000011000100001
24836,111100011000010000000100000
24838,111100011000010000000100001
24867,1111000110000000100001000000
24541,1111000110000000110000000000
24559,1111000110000000110000000001
24550,1111000110000000110001000000
24547,1111000110000000110001000010
24443,1111000110000100000001000000
24445,1111000110000100000001000010
24865,11110001100000001000010000000
24866,11110001100000001000010000001
24847,11110001100000001100000000000
24558,11110001100000001100000000010
24551,11110001100000001100010000000
24548,11110001100000001100010000100
24444,11110001100001000000010000000
24868,111100011000000010000100000000
24869,111100011000000010000100000001
24711,111100011000000010000100000010
24848,111100011000000011000000000000
24849,111100011000000011000000000001
24552,111100011000000011000100000000
24549,111100011000000011000100001000
24466,1111000110000000100001000000000
24870,1111000110000000100001000000010
24871,1111000110000000100001000000011
24710,1111000110000000100001000000100
24557,1111000110000000110000000000010
24467,11110001100000001000010000000000
24873,11110001100000001000010000000100
24872,11110001100000001000010000000110
24712,11110001100000001000010000001000
23740,111100011000000010000100000001000
23954,111100011000000010000100000001100
24709,111100011000000010000100000010000
23739,1111000110000000100001000000010000
23955,1111000110000000100001000000011000
23741,11110001100000001000010000000100000
24524,11110001100000001000010000000100001
23953,11110001100000001000010000000110000
23742,111100011000000010000100000001000000
24523,111100011000000010000100000001000001
23956,111100011000000010000100000001100000
23743,1111000110000000100001000000010000000
24522,1111000110000000100001000000010000001
23952,1111000110000000100001000000011000000
23744,11110001100000001000010000000100000000
24469,11110001100000001000010000000100000001
23957,11110001100000001000010000000110000000
24525,11110001100000001000010000000110000001
23745,111100011000000010000100000001000000000
24470,111100011000000010000100000001000000001
24468,111100011000000010000100000001000000010
23958,111100011000000010000100000001100000000
24526,111100011000000010000100000001100000010
23746,1111000110000000100001000000010000000000
23754,1111000110000000100001000000010000000001
24471,1111000110000000100001000000010000000010
24477,1111000110000000100001000000010000000011
23959,1111000110000000100001000000011000000000
23747,11110001100000001000010000000100000000000
23755,11110001100000001000010000000100000000010
24496,11110001100000001000010000000100000000011
24472,11110001100000001000010000000100000000100
24475,11110001100000001000010000000100000000101
24478,11110001100000001000010000000100000000110
24479,11110001100000001000010000000100000000111
23960,11110001100000001000010000000110000000000
24527,11110001100000001000010000000110000000001
23748,111100011000000010000100000001000000000000
23756,111100011000000010000100000001000000000100
24497,111100011000000010000100000001000000000101
24473,111100011000000010000100000001000000001000
24476,111100011000000010000100000001000000001001
24480,111100011000000010000100000001000000001110
24528,111100011000000010000100000001100000000010
24742,1111000110000000100001000000010000000000000
23758,1111000110000000100001000000010000000001000
24713,1111000110000000100001000000010000000001001
24474,1111000110000000100001000000010000000010000
24740,11110001100000001000010000000100000000000000
24741,11110001100000001000010000000100000000000001
23759,11110001100000001000010000000100000000010000
24743,111100011000000010000100000001000000000000000
24744,111100011000000010000100000001000000000000001
23961,111100011000000010000100000001000000000000010
23757,111100011000000010000100000001000000000100000
23749,1111000110000000100001000000010000000000000000
24494,1111000110000000100001000000010000000000000010
24670,1111000110000000100001000000010000000000000100
24694,1111000110000000100001000000010000000000000101
23760,1111000110000000100001000000010000000001000000
24518,1111000110000000100001000000010000000001000001
23750,11110001100000001000010000000100000000000000000
24490,11110001100000001000010000000100000000000000001
24495,11110001100000001000010000000100000000000000100
24671,11110001100000001000010000000100000000000001000
24695,11110001100000001000010000000100000000000001001
24746,11110001100000001000010000000100000000010000000
24519,11110001100000001000010000000100000000010000010
24521,11110001100000001000010000000100000000010000011
23751,111100011000000010000100000001000000000000000000
24482,111100011000000010000100000001000000000000000001
24491,111100011000000010000100000001000000000000000010
24492,111100011000000010000100000001000000000000000011
24617,111100011000000010000100000001000000000000010000
24608,111100011000000010000100000001000000000000010010
24609,111100011000000010000100000001000000000000010011
24745,111100011000000010000100000001000000000100000000
24747,111100011000000010000100000001000000000100000001
24520,111100011000000010000100000001000000000100000100
24878,1111000110000000100001000000010000000000000000000
24481,1111000110000000100001000000010000000000000000010
24493,1111000110000000100001000000010000000000000000110
23963,1111000110000000100001000000010000000000000100000
23761,1111000110000000100001000000010000000001000000000
24501,1111000110000000100001000000010000000001000000010
24877,11110001100000001000010000000100000000000000000000
24879,11110001100000001000010000000100000000000000000001
23962,11110001100000001000010000000100000000000001000000
23762,11110001100000001000010000000100000000010000000000
24502,11110001100000001000010000000100000000010000000100
23752,111100011000000010000100000001000000000000000000000
24485,111100011000000010000100000001000000000000000000010
23763,111100011000000010000100000001000000000100000000000
24503,111100011000000010000100000001000000000100000001000
23753,1111000110000000100001000000010000000000000000000000
24483,1111000110000000100001000000010000000000000000000001
24486,1111000110000000100001000000010000000000000000000100
24487,1111000110000000100001000000010000000000000000000101
24498,1111000110000000100001000000010000000001000000000000
24504,1111000110000000100001000000010000000001000000010000
24508,1111000110000000100001000000010000000001000000010001
24484,11110001100000001000010000000100000000000000000000000
24607,11110001100000001000010000000100000000000000000000001
24488,11110001100000001000010000000100000000000000000001010
24499,11110001100000001000010000000100000000010000000000000
24841,11110001100000001000010000000100000000010000000100000
24509,11110001100000001000010000000100000000010000000100010
24516,11110001100000001000010000000100000000010000000100011
24489,111100011000000010000100000001000000000000000000010100
24500,111100011000000010000100000001000000000100000000000000
24839,111100011000000010000100000001000000000100000001000000
24840,111100011000000010000100000001000000000100000001000001
24510,111100011000000010000100000001000000000100000001000100
24515,111100011000000010000100000001000000000100000001000101
24517,111100011000000010000100000001000000000100000001000110
24505,1111000110000000100001000000010000000001000000010000000
24506,1111000110000000100001000000010000000001000000010000010
24511,1111000110000000100001000000010000000001000000010001000
24512,1111000110000000100001000000010000000001000000010001001
24514,1111000110000000100001000000010000000001000000010001010
24507,11110001100000001000010000000100000000010000000100000100
24513,11110001100000001000010000000100000000010000000100010010
